15.96
19.71
16.54
19.11
21.17
17.4
16.38
20.69
17.53
20.86
22.02
15.04
16.27
17.25
16.44
17.17
18.42
19.96
16.19
18.95
20.0
13.23
16.04
17.9
15.13
13.19
14.71
19.44
17.51
21.7
21.57
20.52
14.93
16.86
23.19
19.89
17.73
20.07
16.88
17.55
13.75
19.22
16.49
28.18
15.04
15.69
17.04
16.24
13.5
17.64
15.43
16.96
20.15
16.09
15.95
18.93
19.29
15.08
19.75
16.73
17.43
19.34
19.81
16.11
15.49
19.52
17.79
17.55
16.99
17.06
16.59
19.01
14.47
17.38
17.95
16.19
19.76
16.28
23.81
23.18
19.61
24.75
13.98
19.32
15.17
19.73
13.02
16.04
18.76
16.58
15.63
16.74
20.31
20.27
17.83
23.83
16.36
17.26
14.98
16.63
17.34
19.5
16.91
21.64
18.26
18.23
17.47
18.94
15.47
18.97
17.62
20.57
20.07
18.81
19.99
16.78
18.78
16.88
15.35
17.93
14.46
14.4
17.69
16.34
20.03
15.78
16.73
16.17
15.24
18.55
23.65
17.24
16.83
16.31
15.28
17.64
16.69
16.69
23.73
19.77
16.62
18.31
15.06
18.02
18.46
15.85
16.93
16.15
25.41
20.04
18.44
16.63
20.45
19.1
16.93
15.06
17.96
20.17
17.6
18.82
23.78
20.13
16.21
21.29
17.7
15.17
21.5
14.97
18.44
19.29
15.97
16.92
15.11
19.42
17.47
15.22
17.24
16.12
15.58
19.07
16.55
21.12
15.34
21.89
17.6
13.66
14.18
17.71
14.74
21.12
18.56
16.28
15.1
15.27
18.08
15.55
16.6
15.54
14.39
16.06
19.79
20.27
17.38
17.09
15.13
15.88
17.13
19.94
18.95
17.93
17.63
15.18
21.5
17.28
15.03
16.58
18.01
13.95
14.83
14.43
14.94
15.43
17.07
19.48
15.19
19.07
16.65
20.03
16.81
14.88
28.05
17.02
16.54
18.85
19.05
18.97
23.79
15.36
17.5
24.14
16.61
15.52
17.66
13.53
18.07
15.55
15.59
17.04
14.84
28.98
14.72
18.33
17.36
15.97
17.69
17.94
17.46
17.27
14.12
14.23
14.35
15.3
17.23
14.79
16.7
27.91
17.16
13.55
18.43
15.36
15.75
17.35
12.95
19.34
17.12
18.21
17.02
16.06
17.93
15.59
15.27
20.65
14.59
17.54
16.42
18.3
17.22
19.45
18.93
13.6
16.55
17.06
14.7
25.46
18.31
16.68
43.19
15.27
20.72
21.76
15.98
15.99
17.63
17.36
18.73
18.26
14.83
17.33
15.98
18.5
17.96
13.17
16.64
21.87
16.95
18.26
16.32
18.31
15.05
16.85
15.79
16.96
24.16
16.79
17.48
23.2
17.87
18.69
15.21
18.79
15.94
17.24
19.1
18.73
21.2
16.23
16.32
19.14
14.36
16.85
18.6
15.67
16.93
16.05
19.85
29.34
31.29
29.11
16.99
20.07
14.74
17.9
19.25
20.26
16.14
17.66
15.85
19.11
21.11
19.68
17.33
19.09
17.46
26.75
14.89
16.62
18.7
17.95
18.53
14.33
13.53
18.65
20.13
14.3
15.86
15.4
23.27
15.67
19.15
15.87
19.58
29.99
16.22
18.68
15.27
18.74
17.18
32.03
17.59
17.36
23.22
18.5
15.45
18.11
17.33
16.54
16.64
17.86
21.04
15.35
22.08
20.37
16.99
19.09
17.29
14.78
17.43
15.3
15.76
16.57
15.9
18.5
18.12
19.08
16.83
17.96
18.84
15.13
16.85
18.24
26.8
15.74
20.67
16.59
16.34
15.07
18.72
21.41
22.15
37.58
17.14
14.08
19.36
17.05
18.35
18.71
17.2
27.38
17.54
18.63
15.63
14.71
18.78
16.78
19.03
13.98
25.4
19.81
18.12
16.19
16.51
16.42
16.79
16.69
16.81
16.42
15.95
19.29
16.56
15.29
16.25
18.27
14.3
15.72
21.18
16.84
14.99
19.6
20.89
18.77
17.54
16.56
16.92
18.71
18.38
15.96
18.95
19.33
17.3
15.83
14.16
19.14
20.64
13.46
17.66
19.15
15.46
15.73
16.08
16.05
19.53
15.31
18.5
24.43
17.92
14.92
19.12
18.9
16.54
15.36
16.02
19.76
18.48
14.25
19.48
21.59
21.47
18.64
14.8
21.57
16.87
15.09
20.52
18.1
15.54
20.38
25.16
23.38
20.74
18.03
14.1
16.11
14.14
18.73
16.15
14.59
18.87
15.26
16.84
16.64
18.57
20.43
20.27
20.12
17.05
15.34
16.34
15.79
22.49
18.81
17.42
19.73
18.33
17.17
15.75
15.02
26.63
17.96
17.62
15.93
16.88
16.77
16.68
17.69
17.45
16.78
30.3
15.54
18.42
18.85
19.93
17.61
17.24
16.78
15.36
19.35
22.05
16.44
20.04
22.41
22.32
16.23
16.17
16.37
20.34
20.39
18.15
21.49
17.6
22.06
18.12
15.46
14.76
14.11
16.23
20.94
15.24
27.16
17.94
18.08
18.67
15.29
14.94
17.66
18.59
19.77
17.54
17.55
24.63
17.92
18.3
15.49
17.26
15.89
15.82
15.92
16.1
15.5
16.73
17.36
14.74
19.11
17.99
15.77
17.89
20.84
15.16
15.42
14.61
17.45
18.22
15.97
19.2
17.52
16.43
17.26
18.51
13.66
17.99
19.01
19.43
18.49
18.18
19.66
17.23
15.51
15.15
19.51
21.16
17.17
18.96
20.37
15.28
16.13
18.73
15.98
21.96
17.53
18.65
20.12
18.81
17.99
17.36
14.33
17.72
17.9
18.44
16.46
17.89
17.13
13.64
18.68
15.34
22.63
29.15
19.37
20.08
14.69
15.56
17.56
20.08
18.7
14.42
20.15
18.03
18.71
15.42
17.85
17.95
18.06
15.62
16.25
18.71
19.32
16.96
13.71
17.74
14.59
38.15
21.47
18.28
12.97
16.16
17.45
15.87
18.36
20.04
18.38
14.71
18.59
17.53
18.85
15.97
17.47
15.1
15.03
15.29
15.46
14.91
17.91
16.82
15.91
17.46
20.81
15.46
17.01
19.53
17.31
17.36
20.58
18.53
17.36
16.5
15.77
18.15
14.9
17.61
19.73
19.37
16.03
24.76
18.83
15.52
14.21
16.32
16.96
18.63
17.7
20.02
13.88
15.4
16.95
13.45
24.12
16.85
21.07
17.56
18.64
18.54
13.52
16.81
14.66
13.14
16.22
13.93
21.69
17.42
34.02
17.44
19.16
19.68
18.29
14.14
20.01
17.85
17.97
15.0
13.59
14.97
18.16
15.4
14.8
15.05
16.25
15.38
17.91
18.36
15.01
14.66
18.86
15.96
23.92
15.98
15.54
16.64
13.96
16.08
24.44
20.81
18.92
20.8
15.17
21.37
16.14
15.25
15.5
18.45
16.41
21.33
22.05
17.83
15.2
16.1
18.48
14.17
17.4
20.5
18.08
19.54
32.77
18.17
13.4
17.81
44.25
17.44
20.8
19.72
18.23
19.14
16.61
34.4
18.28
18.37
17.39
15.42
13.58
14.98
19.89
25.45
14.31
17.14
20.03
15.51
17.96
14.58
16.56
14.54
15.98
20.85
21.11
14.14
19.48
35.46
18.49
15.02
18.99
16.2
17.21
20.24
17.5
18.0
16.6
16.75
16.69
15.4
15.74
19.24
14.99
18.72
18.27
15.9
15.3
14.74
17.55
41.65
20.97
18.98
14.26
18.17
14.93
17.11
14.84
15.5
17.33
16.52
20.65
15.64
16.49
16.12
15.28
18.66
15.91
15.79
22.67
19.29
18.28
15.43
21.48
18.81
23.61
15.62
20.62
17.44
14.68
15.0
43.39
13.16
17.23
15.44
18.14
17.43
12.99
17.91
20.44
19.6
18.55
14.91
17.76
16.1
16.82
17.49
19.18
19.14
14.8
15.25
18.39
16.21
14.07
14.25
19.59
15.84
21.57
16.19
14.73
13.23
14.62
15.84
20.64
13.96
14.77
14.94
19.12
16.32
18.05
15.32
17.92
19.81
18.39
17.58
23.94
17.94
19.99
17.36
16.54
18.68
16.92
17.53
15.67
18.36
25.71
16.74
18.47
16.51
17.43
16.63
30.3
16.7
17.8
14.44
15.18
23.65
15.4
18.63
20.14
15.72
19.23
16.97
19.34
17.85
22.8
19.44
15.62
21.36
14.44
16.93
13.2
14.94
16.7
19.98
13.62
17.05
21.1
18.21
14.52
19.37
15.55
16.65
18.63
17.07
14.78
16.79
22.04
16.42
15.47
16.94
19.96
20.63
19.65
18.73
20.9
16.63
18.15
14.93
21.29
17.26
19.39
15.61
19.59
20.36
13.79
18.02
17.39
21.26
16.02
19.0
16.36
17.82
19.59
19.23
18.12
18.1
18.75
15.5
18.04
17.09
17.9
16.64
17.18
14.72
17.29
16.86
23.6
18.69
16.45
16.93
18.23
16.98
18.99
17.62
16.69
17.4
13.54
14.22
18.2
21.25
16.1
15.66
14.8
15.12
18.38
19.94
24.55
16.15
23.74
19.4
19.2
20.63
16.2
16.1
15.89
17.73
17.57
14.82
22.74
16.67
15.71
17.4
18.62
21.0
15.63
15.5
15.87
16.18
16.66
17.34
15.35
16.93
16.53
21.68
21.13
15.77
19.0
14.17
18.0
21.73
20.02
15.64
17.87
15.37
14.67
20.07
23.47
17.11
18.58
19.92
19.55
18.69
17.24
15.14
17.2
16.02
16.83
17.91
21.17
16.95
15.42
21.28
16.33
20.4
15.7
14.04
14.57
32.11
18.17
16.9
20.27
13.53
16.67
22.72
22.53
17.1
18.98
21.33
16.59
18.1
15.36
19.48
18.31
17.7
15.22
19.61
17.49
17.56
20.07
17.05
15.74
16.72
19.8
19.34
14.43
13.63
17.27
19.78
22.35
15.96
14.59
21.81
15.35
16.22
18.42
15.6
19.66
17.98
19.31
20.39
15.56
14.85
19.14
13.25
16.51
20.86
21.11
20.95
19.58
16.18
13.92
18.0
20.38
18.32
15.26
17.68
18.43
15.32
15.5
16.64
17.44
18.29
16.53
17.35
20.01
16.19
17.53
18.09
16.81
17.38
17.57
17.68
16.49
15.94
16.09
17.44
16.43
18.51
17.65
17.55
18.58
20.13
17.87
16.59
19.01
16.82
16.6
21.07
15.97
14.68
19.9
17.8
20.19
22.2
15.25
15.86
19.65
17.92
21.41
21.32
16.23
18.13
17.13
16.95
21.77
16.93
25.67
17.62
21.41
14.54
16.21
20.48
21.11
15.57
15.12
21.14
17.24
13.84
15.97
17.96
13.47
14.62
17.87
18.54
19.79
17.56
19.06
16.03
18.21
15.59
31.5
15.09
14.91
13.36
14.89
18.55
19.97
16.22
14.08
14.2
19.26
16.27
14.11
14.63
19.82
28.36
17.74
21.59
17.13
18.18
22.01
18.18
14.99
17.64
20.63
14.89
19.03
17.26
16.12
16.67
18.83
15.58
17.68
14.76
14.25
17.0
15.64
19.23
16.9
18.34
20.42
18.64
15.47
23.04
19.67
17.22
23.98
16.13
21.54
17.71
15.54
17.64
14.52
15.29
15.27
18.68
18.7
17.79
17.34
17.55
15.98
15.28
17.33
18.14
15.3
18.15
18.7
17.99
16.89
17.78
18.69
16.62
32.02
15.85
15.46
27.97
19.2
16.11
18.23
19.32
15.82
18.85
20.18
16.44
14.57
20.09
19.64
19.97
18.87
16.59
14.74
14.37
15.88
18.85
14.1
17.55
17.03
23.96
14.56
17.07
21.63
17.17
16.28
15.45
19.83
14.01
16.12
15.2
20.67
16.59
22.05
18.31
18.48
21.48
18.66
16.78
16.11
22.12
13.18
18.8
17.56
19.2
16.74
15.8
20.32
15.57
18.37
14.38
15.85
13.31
16.29
16.63
17.56
17.66
18.36
15.55
16.86
15.84
21.07
14.91
19.76
16.52
18.39
17.34
18.18
15.91
17.34
44.13
23.29
21.78
16.75
16.86
24.74
22.65
24.56
17.65
18.88
14.49
14.46
17.28
17.32
20.18
21.05
17.75
21.68
20.27
14.23
14.34
20.19
15.15
18.86
15.14
20.13
21.32
18.02
16.92
18.87
16.89
15.79
17.45
52.68
15.29
15.76
16.4
13.52
22.98
20.33
18.21
16.28
15.85
15.42
19.05
59.09
21.17
14.49
19.67
18.8
16.32
19.7
17.55
18.4
16.14
14.6
19.59
15.96
23.93
18.22
16.69
19.41
15.94
18.92
16.2
18.47
16.6
16.3
15.62
19.03
14.43
16.44
17.53
66.35
16.54
19.06
13.88
18.9
17.62
21.41
15.36
18.97
15.3
32.07
17.97
16.57
19.21
18.91
19.9
21.13
16.82
14.01
19.99
19.82
18.8
15.8
14.85
23.66
15.32
16.58
14.77
17.14
20.31
20.52
15.61
16.06
17.14
17.18
