38.15
44.13
21.57
21.36
26.14
17.64
52.68
44.25
52.09
16.92
21.11
15.96
16.56
16.13
16.09
20.15
15.63
15.89
17.13
18.19
18.7
17.33
19.8
16.99
17.42
19.12
18.0
20.11
16.12
18.48
18.41
17.74
19.07
19.32
19.43
21.48
18.54
21.41
20.69
17.4
20.08
22.8
20.88
19.99
19.22
16.37
17.15
20.61
22.02
15.78
17.04
18.04
29.51
17.86
15.94
21.11
20.04
20.64
21.02
20.13
20.44
21.04
22.74
22.53
29.34
17.64
19.59
15.42
17.54
24.13
22.19
21.07
17.33
17.52
17.93
17.23
21.69
17.7
20.52
18.15
20.6
17.92
16.22
15.59
16.67
21.77
18.09
17.96
19.12
19.46
16.69
16.65
16.56
20.81
17.92
21.78
20.82
20.27
22.18
20.19
27.97
26.14
17.97
17.53
16.71
23.81
17.97
17.94
23.46
16.92
19.03
15.22
17.34
16.53
19.55
17.11
15.18
17.25
16.67
17.55
25.16
15.69
14.21
17.2
17.8
21.07
15.42
18.89
16.08
13.98
15.0
16.45
18.93
18.08
15.82
16.78
16.91
19.29
16.69
14.91
16.89
14.44
16.85
19.48
15.6
15.35
15.73
19.03
19.76
17.46
14.74
14.91
16.65
14.94
15.9
14.11
16.12
16.71
17.51
15.75
16.59
14.35
13.36
15.61
14.34
20.69
18.46
23.79
13.87
14.67
20.65
15.82
15.94
21.04
15.54
17.3
15.98
16.17
20.27
18.42
14.78
15.27
18.32
16.74
14.92
17.13
16.98
18.71
14.33
17.56
15.67
20.1
17.33
20.38
17.36
16.4
21.14
17.17
15.17
17.91
20.85
15.6
15.9
18.55
22.49
17.44
15.71
15.29
14.54
16.47
16.1
15.46
16.64
16.64
16.46
15.61
15.24
17.08
17.1
16.51
16.82
16.52
14.84
15.32
17.86
14.8
19.17
16.85
15.29
14.85
16.65
17.3
15.26
14.91
15.8
16.59
18.73
15.72
14.94
17.67
16.03
14.96
14.06
16.17
17.55
17.25
17.04
15.31
19.95
15.19
15.23
16.25
17.36
15.76
15.14
14.08
15.65
18.59
16.79
15.4
15.25
16.66
18.44
15.33
18.39
14.84
18.51
14.66
16.27
19.82
15.11
17.89
14.32
14.24
18.81
17.35
16.66
14.29
18.66
18.55
19.72
21.54
14.26
14.8
17.72
16.43
16.27
15.96
14.74
16.57
17.85
19.66
16.86
14.86
18.41
16.57
18.68
15.77
20.79
18.56
18.8
17.24
17.9
15.46
16.23
14.43
15.77
16.85
19.79
16.64
16.32
14.81
15.4
17.55
16.69
15.13
17.83
16.1
22.74
15.06
14.08
16.04
15.16
18.7
18.2
18.1
17.85
16.16
17.53
17.45
17.92
13.87
16.24
17.63
17.02
14.52
15.45
17.92
20.63
16.67
18.78
15.42
23.59
18.6
16.12
15.62
14.78
15.58
19.32
16.77
15.43
16.0
18.34
16.71
14.18
15.57
17.24
20.07
15.04
15.31
14.45
14.28
17.08
14.91
18.2
14.36
15.96
17.47
18.29
17.39
18.56
17.23
20.86
23.78
17.51
13.93
15.33
17.27
16.87
17.42
16.38
14.82
14.38
15.4
16.89
21.56
22.63
17.0
15.5
15.72
14.58
16.18
14.74
15.36
16.83
16.55
14.96
14.68
19.09
14.77
14.02
16.9
22.54
15.28
16.55
15.15
19.52
15.24
13.98
15.12
14.81
16.33
14.87
15.4
14.51
18.72
18.12
15.45
15.37
20.04
18.2
17.44
19.82
24.74
15.64
17.85
15.3
21.28
20.67
15.33
17.43
18.0
15.96
16.88
20.81
17.45
14.62
16.89
17.26
16.5
15.09
15.61
15.15
15.28
15.27
14.7
14.18
15.97
15.96
16.81
20.7
17.69
16.24
14.23
14.55
16.06
14.34
15.11
14.83
16.58
17.4
15.79
16.15
15.15
15.69
15.2
18.18
14.17
16.74
15.51
14.47
14.05
14.95
18.69
16.54
16.05
15.96
16.13
21.0
24.18
16.77
14.44
16.59
17.26
19.53
15.45
15.66
15.49
18.58
23.92
20.43
16.42
16.78
18.35
16.46
15.42
17.75
17.36
20.35
16.78
43.19
43.39
14.41
25.42
21.37
21.21
22.93
59.09
66.35
24.39
20.08
22.15
16.81
17.14
23.47
25.59
19.83
17.36
18.82
18.1
17.23
21.57
18.15
22.05
27.91
20.28
27.38
16.05
21.32
15.87
18.87
16.83
16.73
20.07
19.68
19.29
20.43
16.62
19.11
16.43
14.49
21.58
22.47
32.02
19.6
19.67
17.1
16.59
19.84
20.6
24.56
16.72
22.8
24.12
18.95
15.34
18.37
27.48
30.3
20.84
17.1
20.38
20.33
24.14
19.93
19.93
17.91
21.39
17.05
20.78
19.34
20.3
21.15
21.32
14.79
17.44
19.39
20.63
18.5
21.12
20.39
25.45
20.47
24.77
18.47
19.57
20.52
23.65
18.22
21.74
20.84
24.57
19.5
18.66
21.3
21.75
27.23
20.74
21.48
21.49
24.43
19.92
20.12
28.05
30.3
14.97
18.38
19.94
24.75
19.31
23.53
22.98
19.52
20.95
21.17
32.03
20.64
24.71
20.99
23.79
19.92
21.68
19.18
17.61
17.06
17.11
16.86
18.01
18.02
17.94
16.6
15.72
17.9
15.97
16.3
18.58
14.42
14.16
16.64
16.62
14.89
15.8
15.99
16.58
16.87
19.19
20.14
18.74
16.22
18.61
17.35
19.93
19.68
16.58
15.05
16.7
15.02
14.71
14.08
15.54
14.33
20.86
17.57
17.53
20.13
15.39
14.86
21.76
18.42
20.04
18.27
15.39
16.76
17.89
17.85
18.68
21.87
15.74
20.03
15.38
22.57
19.54
19.61
15.02
14.99
17.25
22.94
14.31
18.59
17.73
15.95
16.55
18.1
16.14
18.9
17.58
18.82
17.97
16.22
18.23
17.03
17.26
15.75
17.62
20.03
18.15
16.22
16.44
17.82
21.39
15.28
17.61
19.76
20.09
18.17
19.85
16.32
19.2
15.08
17.22
20.45
22.22
17.23
16.11
17.95
17.59
15.34
16.85
19.68
18.9
14.76
17.69
16.46
18.28
16.87
18.36
17.43
19.92
15.17
18.0
15.81
15.86
17.23
17.45
17.53
18.55
18.82
18.46
17.91
20.24
15.76
18.93
17.46
16.88
16.06
19.12
15.61
18.63
16.98
21.26
15.17
17.59
17.98
16.25
15.05
14.52
18.21
17.65
15.78
15.19
16.12
18.63
17.66
16.56
17.18
18.17
15.18
16.64
17.55
18.5
16.49
17.13
16.01
18.26
17.29
15.99
18.73
16.57
16.17
16.11
19.18
16.93
16.3
19.13
19.17
18.14
16.23
20.0
18.89
20.13
21.55
18.26
20.4
14.74
14.02
16.42
17.38
18.6
17.77
20.13
16.84
19.21
14.6
16.84
19.72
19.93
19.48
18.02
14.43
17.07
16.5
16.6
17.74
15.71
15.13
15.05
16.57
19.66
17.83
17.34
17.42
18.68
17.85
20.22
16.75
17.62
16.45
15.36
14.69
15.03
17.99
20.07
15.64
17.07
15.44
14.91
15.92
16.36
17.83
21.97
19.9
15.82
18.12
15.56
13.31
17.3
19.75
17.48
17.34
14.93
15.95
21.29
19.41
17.79
17.54
17.86
15.15
14.04
16.11
15.65
17.78
17.22
14.72
21.64
20.31
18.43
19.18
18.08
19.83
18.18
16.29
18.15
23.55
19.34
18.74
18.06
17.06
15.72
17.95
16.11
17.36
14.86
19.51
13.88
14.59
18.7
17.2
17.11
16.92
16.6
19.64
17.05
17.13
16.24
17.49
16.03
17.36
16.58
15.06
16.09
15.97
16.62
19.14
18.33
17.37
15.5
17.1
15.25
16.86
16.28
15.36
14.04
15.63
16.1
14.38
14.84
17.54
15.35
16.95
18.77
19.38
21.2
23.93
18.67
16.42
19.38
18.45
16.87
19.99
19.14
15.74
17.02
15.34
16.93
15.36
18.03
15.18
15.17
17.5
18.17
16.06
16.12
22.41
19.36
16.28
17.13
21.19
15.16
17.55
17.26
13.84
15.08
18.44
20.3
18.01
17.92
23.29
22.74
18.21
16.72
17.6
17.65
17.29
16.1
18.81
18.53
19.44
15.34
18.33
18.95
23.65
15.4
17.95
17.01
16.82
16.67
18.77
17.88
18.62
17.49
16.1
20.71
16.69
16.7
18.49
20.72
19.52
22.06
18.71
18.81
27.3
33.4
23.66
13.14
15.75
31.38
32.11
17.24
18.54
13.64
13.79
15.53
13.2
13.02
13.5
15.97
12.97
13.23
16.57
13.39
13.46
13.19
13.01
14.6
16.93
13.52
13.18
13.93
16.64
15.78
17.39
16.34
17.96
16.23
17.53
16.63
18.31
15.95
17.04
15.31
14.98
19.29
22.32
15.04
16.36
15.92
16.4
15.46
16.76
19.53
15.35
16.12
18.28
16.11
15.12
15.4
17.1
18.35
15.42
15.89
18.09
16.34
21.04
15.87
17.55
17.01
19.97
15.04
17.56
16.62
20.06
15.9
19.39
15.23
15.82
14.71
15.64
14.69
17.45
15.68
16.19
14.57
15.72
16.39
19.79
16.19
21.13
14.21
14.98
14.38
15.3
17.58
18.63
18.44
19.78
22.0
19.85
20.38
17.59
19.14
18.28
19.29
18.11
32.07
16.49
21.73
26.8
34.02
15.95
21.5
22.05
20.11
22.1
18.71
19.62
15.05
18.73
16.6
16.33
16.22
20.06
16.82
20.08
18.96
15.88
15.95
16.9
22.02
16.31
18.91
19.18
15.02
17.59
18.4
17.55
15.93
19.34
18.3
15.28
16.28
15.47
14.87
14.25
16.95
16.68
15.62
19.26
21.11
23.27
16.14
15.68
18.86
14.35
14.28
19.75
17.07
20.67
21.68
16.4
17.12
19.7
21.32
17.95
20.51
14.4
16.3
17.91
15.17
14.73
16.34
17.45
18.7
18.1
17.13
19.51
16.41
15.53
15.26
18.7
20.62
17.33
18.97
14.58
14.14
19.81
17.86
15.1
15.58
18.63
19.58
16.44
19.06
16.27
19.42
19.97
19.29
15.5
17.81
18.57
15.8
16.1
19.86
19.06
19.44
19.1
17.63
19.2
16.04
18.15
14.59
16.25
15.85
16.83
16.16
16.68
18.68
17.94
15.09
18.02
15.85
16.28
18.36
17.61
16.93
18.61
13.98
15.54
17.06
18.65
14.59
16.02
15.33
17.14
16.5
17.99
15.54
17.33
16.46
17.23
14.07
16.14
16.54
16.15
18.85
19.2
17.03
20.02
17.67
19.01
21.21
19.98
19.2
19.24
14.61
14.58
19.59
18.81
17.22
17.93
15.67
19.03
16.73
15.21
17.36
19.77
17.21
18.94
19.21
19.08
18.48
17.62
15.52
16.86
19.5
19.21
15.83
20.54
20.32
21.7
15.32
19.16
21.59
19.3
15.8
18.31
17.62
17.28
15.32
20.61
18.82
15.99
17.31
15.79
17.91
16.8
16.37
19.35
21.74
15.75
15.1
16.92
16.51
15.5
17.54
20.7
14.2
15.37
18.87
20.19
16.35
16.56
15.74
18.78
15.0
15.64
19.39
23.81
14.71
17.07
19.07
18.38
17.89
17.59
18.85
20.12
14.66
16.96
16.93
19.23
16.59
19.59
14.97
16.63
19.27
17.38
16.65
16.21
15.62
15.73
19.95
19.44
15.34
20.58
18.74
20.19
16.96
18.59
18.8
23.34
14.6
14.17
13.86
14.98
18.49
16.43
16.73
18.54
16.17
15.49
17.13
19.94
15.3
16.21
17.62
17.8
16.29
18.09
17.35
17.74
21.44
23.83
14.9
20.26
20.8
18.29
16.28
16.43
15.36
16.85
17.4
17.78
20.18
18.5
21.1
18.68
16.03
14.46
13.66
19.0
22.05
16.78
16.6
14.92
13.75
18.92
19.07
16.85
15.96
19.98
23.02
19.33
19.62
15.45
16.39
17.27
17.68
15.86
22.54
15.2
15.05
14.98
18.78
16.63
21.89
15.5
15.07
18.1
18.13
20.8
20.27
17.33
18.26
24.63
14.75
16.1
14.8
17.58
18.05
24.76
14.95
14.56
19.89
19.05
23.19
23.54
19.52
18.92
16.78
17.37
15.2
14.47
20.13
18.67
16.96
19.98
17.24
20.31
17.51
15.88
19.77
23.19
19.0
18.19
17.53
21.74
22.72
14.23
17.94
17.89
18.47
23.38
29.15
13.53
14.06
19.02
16.57
15.88
15.49
15.67
18.35
19.9
16.06
15.91
18.08
21.29
21.36
15.34
16.54
18.21
17.25
13.66
15.98
17.6
14.73
18.57
15.59
15.52
13.88
15.13
16.32
16.64
17.66
19.7
18.86
18.77
19.21
21.27
14.88
17.31
17.18
29.99
31.29
14.61
29.66
17.05
35.46
37.58
18.29
17.97
21.05
13.31
13.08
14.05
14.22
13.76
14.21
13.09
15.17
14.88
13.24
14.25
14.83
15.09
13.58
17.23
14.31
14.64
14.43
18.18
15.25
15.85
13.96
15.73
13.36
16.22
15.22
15.68
15.29
15.16
13.43
14.62
14.54
16.0
18.68
14.12
16.13
17.9
17.93
17.53
19.99
25.67
15.27
16.84
20.63
17.35
15.12
19.18
21.24
27.58
16.87
16.28
17.17
14.83
15.75
15.24
17.27
15.54
16.68
14.5
15.09
15.67
17.01
15.24
16.6
16.02
18.36
14.89
14.99
15.47
15.91
15.43
17.26
17.73
21.1
17.43
24.77
17.73
20.62
19.29
23.35
17.6
19.88
18.24
21.04
22.47
26.63
21.62
18.93
21.44
23.6
32.97
20.13
23.11
32.77
41.65
21.11
21.54
31.56
32.17
20.39
24.16
34.4
22.79
24.44
20.36
29.11
19.07
23.73
19.47
24.31
19.82
17.96
18.17
16.7
18.21
16.24
18.71
21.29
19.43
15.45
18.8
17.14
15.14
15.13
19.42
19.39
14.4
18.8
19.47
14.43
18.31
16.15
16.93
17.91
16.54
23.49
17.26
19.69
20.08
20.63
20.29
20.94
23.22
16.02
21.0
18.34
18.6
21.64
21.9
15.29
16.2
20.57
20.84
20.39
21.24
17.11
18.1
19.81
19.58
16.54
19.54
16.6
17.17
17.21
17.37
16.65
19.15
17.41
16.81
21.16
21.63
16.6
17.5
16.63
19.1
16.59
15.26
14.8
19.05
19.35
19.37
15.36
16.55
15.59
15.21
18.23
15.62
16.47
18.77
20.22
17.3
14.78
18.99
17.27
20.71
16.88
17.02
19.41
19.15
20.18
17.46
18.17
15.66
16.93
18.45
18.33
18.87
20.25
16.96
16.8
17.16
17.94
18.67
21.95
19.11
19.65
16.95
17.39
18.16
17.64
17.46
17.35
18.19
18.64
17.31
15.54
18.16
18.38
15.5
17.66
14.03
18.63
17.37
19.61
16.08
17.58
20.37
25.78
17.44
20.27
17.24
18.08
19.48
18.11
16.21
17.64
19.54
18.86
16.82
18.05
16.04
19.99
17.53
18.77
19.81
18.75
18.95
18.79
17.74
18.84
17.36
18.99
15.82
16.58
20.65
23.66
16.81
19.56
17.71
20.72
16.21
15.22
17.6
15.55
16.77
17.69
18.98
18.59
16.99
17.18
19.22
19.0
18.18
19.12
19.99
15.14
17.2
18.52
18.81
16.38
15.72
19.67
20.01
17.24
18.15
18.42
15.27
17.22
17.16
19.23
18.28
20.8
17.5
17.18
19.43
19.48
16.21
21.81
19.07
16.63
17.06
18.73
18.95
16.24
16.84
17.76
18.17
20.09
18.3
18.11
18.93
20.42
19.77
19.81
15.22
20.02
16.24
16.69
15.7
15.11
16.93
19.11
15.33
19.61
20.94
25.41
15.15
21.82
22.3
20.5
13.76
14.6
15.6
15.47
18.64
15.81
17.71
21.17
15.64
16.22
15.22
17.56
15.47
16.9
18.21
17.79
15.7
18.27
16.7
19.09
18.68
21.02
15.97
17.43
20.64
19.14
18.4
18.26
19.32
17.03
17.65
18.08
18.18
18.46
18.01
18.68
15.3
14.3
14.38
16.06
20.27
16.22
16.84
15.65
15.5
18.13
19.27
14.54
15.63
15.45
17.32
15.3
14.54
15.03
15.84
15.51
17.87
15.52
16.1
13.96
18.63
15.45
15.6
20.8
19.04
16.17
17.23
17.11
16.94
18.31
19.97
15.34
20.32
16.45
17.58
19.09
23.42
18.61
19.4
18.37
17.7
14.86
18.56
19.23
20.81
21.17
17.94
20.07
18.5
18.03
16.93
18.58
15.96
16.52
16.12
16.61
21.41
20.56
18.78
18.9
15.6
15.35
16.6
14.46
16.67
15.86
20.17
16.18
16.31
23.18
16.79
19.69
17.93
14.81
17.19
15.87
18.26
20.76
14.83
15.2
17.36
19.4
14.23
17.8
16.63
20.65
19.41
16.1
20.18
19.73
20.95
17.13
17.4
19.54
20.29
20.19
16.98
15.96
15.66
19.77
21.19
20.65
16.5
17.6
19.03
16.18
18.81
19.08
17.04
17.18
26.3
28.65
22.13
14.46
15.79
30.8
31.5
13.84
17.24
14.11
14.19
15.46
15.68
13.97
14.25
14.01
14.14
15.28
14.2
14.67
13.47
14.74
13.45
14.3
13.86
13.92
15.97
15.3
15.36
13.57
13.95
14.09
15.62
14.1
14.64
14.46
15.87
16.21
17.16
15.27
13.12
14.47
16.23
15.25
14.07
14.49
14.39
15.84
13.7
15.65
15.74
13.44
15.03
18.64
13.52
14.29
14.15
15.8
14.87
13.14
14.94
15.05
13.49
14.98
13.64
15.76
14.61
16.11
15.4
15.42
18.79
20.35
23.88
24.94
19.8
25.74
19.73
22.48
17.44
21.47
21.17
23.94
22.07
25.46
17.25
17.65
21.13
25.71
20.35
23.41
22.53
25.4
19.85
23.98
21.41
26.75
23.3
18.12
23.74
22.04
20.48
22.2
22.02
24.55
24.99
18.36
19.36
22.45
23.96
17.28
22.08
28.18
19.37
20.72
19.34
19.65
17.52
19.86
17.73
19.37
17.89
18.36
17.26
19.38
21.18
18.97
18.76
17.34
20.33
15.94
18.9
18.02
16.19
16.82
16.87
16.24
13.92
16.42
18.05
18.78
15.85
17.61
17.61
15.04
18.92
19.06
17.7
19.37
20.84
19.4
20.2
18.5
22.05
20.91
16.63
21.59
19.2
20.67
20.57
16.58
14.52
17.78
18.14
18.31
20.23
16.25
16.89
16.36
17.51
20.98
22.18
15.16
16.05
18.0
19.54
18.85
24.69
18.11
18.82
22.12
19.68
18.85
20.15
16.06
18.15
17.33
18.27
16.25
17.4
20.47
18.63
15.78
17.55
16.17
17.58
20.52
18.51
18.83
17.54
15.97
16.44
14.52
15.64
17.44
16.86
15.62
17.48
18.13
18.91
20.21
15.55
15.43
15.17
15.79
17.66
17.87
17.45
18.37
15.79
16.87
18.12
19.69
17.47
18.66
17.17
21.11
17.5
19.08
17.86
19.87
16.12
16.71
14.53
14.74
15.3
14.63
16.29
17.69
18.04
20.13
15.01
14.95
19.58
20.38
17.16
18.11
17.57
18.29
18.69
18.73
19.43
21.08
16.82
17.67
15.75
16.27
17.56
19.03
14.72
14.11
17.06
19.15
18.02
18.54
16.95
18.55
16.38
18.85
17.05
19.01
15.54
17.66
20.1
16.18
18.46
19.29
16.0
17.46
19.6
17.85
16.19
17.77
21.14
17.68
23.1
18.31
19.59
16.69
16.34
19.01
17.57
15.55
16.92
18.06
19.64
14.26
16.86
19.49
18.98
15.74
15.42
18.38
21.75
17.38
17.07
18.57
15.53
17.53
18.32
18.55
18.22
19.9
16.01
17.89
17.95
20.07
17.95
15.77
14.05
16.27
16.36
18.12
17.67
16.5
16.61
15.89
16.59
17.85
17.48
18.0
18.79
20.27
17.19
18.06
17.71
21.29
17.18
17.87
15.12
15.36
18.41
22.58
17.23
19.43
18.73
18.69
20.37
17.14
18.65
23.2
18.93
17.87
18.72
15.08
16.43
18.99
19.89
21.29
14.65
15.77
17.27
17.08
14.71
17.44
19.07
17.14
15.55
16.53
16.35
18.32
20.42
17.41
15.01
17.24
16.17
17.42
18.05
18.17
14.6
15.5
19.31
19.16
21.49
17.9
19.44
18.0
14.93
16.85
16.69
19.67
23.41
19.37
15.42
14.75
15.32
18.89
19.48
14.69
19.45
16.23
15.23
14.77
16.49
15.49
16.45
20.26
22.56
17.96
16.89
15.6
19.41
15.56
18.58
21.06
15.92
17.75
20.04
20.14
16.17
17.36
18.71
15.91
17.79
16.65
18.82
20.24
21.57
18.07
15.17
21.47
16.93
15.78
15.83
16.37
17.63
19.39
17.54
19.71
17.66
17.12
17.58
15.38
15.78
22.67
22.65
17.34
19.98
17.72
17.85
17.68
17.15
17.47
20.08
16.25
18.88
17.74
17.36
17.09
19.14
20.03
15.95
15.08
16.44
18.3
17.48
17.9
13.91
13.19
18.28
16.28
19.39
17.2
16.62
17.79
18.04
19.83
14.57
16.95
17.09
23.61
14.44
18.65
18.73
21.42
15.5
18.69
18.03
15.85
15.24
18.55
18.72
17.25
16.15
17.1
17.11
16.99
20.32
18.87
16.83
15.61
23.94
25.47
13.16
24.33
18.48
28.98
31.88
14.78
16.2
13.79
13.84
14.05
16.15
13.6
14.0
15.42
12.95
13.82
14.44
12.99
14.36
14.26
13.62
14.07
15.9
13.53
14.72
13.83
15.67
15.38
16.98
14.4
14.68
14.49
15.99
13.4
14.14
14.74
15.36
13.71
14.01
14.76
15.35
15.35
14.0
14.37
13.63
13.22
14.62
16.65
16.58
12.97
14.76
15.18
13.55
13.25
14.59
15.98
16.32
13.17
14.38
15.29
13.59
15.03
13.59
14.99
14.36
15.66
13.23
14.11
13.86
15.74
14.1
15.37
14.59
16.22
13.54
15.19
13.51
16.12
14.3
15.45
12.95
16.06
13.53
16.21
13.87
14.48
13.6
15.04
13.88
14.79
13.46
15.15
16.11
16.52
17.34
18.36
20.86
18.84
17.56
19.24
16.68
19.68
27.16
18.31
22.13
26.89
28.36
18.94
21.39
26.28
21.07
20.14
20.17
23.65
19.46
17.4
19.07
23.04
19.06
19.65
15.98
16.62
21.12
16.48
17.3
18.23
18.83
17.06
18.16
19.54
16.42
17.86
18.85
21.53
17.27
18.26
19.25
15.84
20.9
17.66
18.19
16.05
16.32
22.01
15.8
17.49
19.65
20.34
18.82
18.7
23.49
16.5
16.77
18.15
17.62
18.6
17.58
16.58
17.63
17.44
17.05
18.52
19.23
16.17
20.11
19.75
15.89
16.99
16.87
16.53
17.14
16.98
15.3
18.51
18.64
15.71
15.57
17.04
18.78
19.79
21.25
17.66
17.99
18.54
21.02
17.53
15.58
14.1
17.55
18.47
18.69
15.46
19.18
19.69
17.34
16.93
18.48
17.59
17.1
15.35
18.96
17.96
18.76
18.55
16.21
14.76
15.91
17.66
14.47
15.35
15.44
16.03
15.49
16.64
16.51
17.39
14.75
16.05
15.98
16.44
16.64
17.1
17.61
18.79
14.29
14.93
17.75
18.7
15.86
16.59
15.77
23.18
18.46
18.67
17.87
18.54
15.61
17.56
16.59
19.37
15.97
17.8
19.65
19.5
16.19
18.49
17.1
18.0
18.12
17.97
16.79
16.89
14.94
15.9
18.21
19.27
16.33
16.32
19.22
19.73
16.54
18.55
16.19
16.06
15.82
18.77
17.29
18.66
16.27
17.44
16.44
15.0
17.99
17.63
15.95
17.98
18.74
19.34
14.57
17.96
18.69
17.36
19.48
18.81
19.39
17.32
16.75
18.08
18.44
14.9
15.61
20.33
20.97
16.89
18.82
20.76
20.82
19.96
18.97
18.3
18.5
15.24
17.92
19.42
14.93
16.66
18.74
21.89
16.67
17.34
19.22
19.94
16.34
18.01
15.78
18.33
13.39
18.31
17.07
17.39
17.35
14.74
17.79
18.07
16.54
18.24
18.54
19.34
18.23
20.89
17.43
24.68
16.51
18.53
16.19
16.87
16.64
13.79
17.38
18.71
15.57
16.43
18.89
18.1
15.64
17.95
17.64
18.97
15.7
16.62
16.74
16.88
19.26
14.85
15.93
17.74
15.77
15.7
16.14
14.94
14.59
18.78
19.64
15.56
14.89
15.53
16.02
16.86
16.69
15.75
13.98
18.48
17.54
20.72
17.59
21.96
16.12
16.38
17.56
20.21
21.69
17.21
20.13
21.33
16.22
14.75
16.2
15.86
15.21
15.11
15.98
15.36
16.28
16.97
20.27
15.38
16.81
15.47
15.49
14.18
14.23
14.54
18.67
19.96
21.07
14.01
15.27
14.2
17.57
16.57
17.83
18.1
15.84
19.45
20.86
21.33
16.28
16.45
16.75
18.81
19.1
22.3
22.35
21.7
18.22
27.97
19.32
17.28
17.99
20.08
21.5
15.62
16.19
17.08
16.79
20.01
22.59
16.77
16.56
17.56
18.5
17.63
18.49
16.52
17.24
17.3
16.65
17.52
17.42
19.77
19.76
18.13
16.23
16.85
18.9
16.29
17.05
15.27
15.91
16.32
19.13
19.06
17.44
20.54
15.54
14.47
17.76
18.27
22.41
16.55
17.11
18.73
18.43
17.53
15.82
17.82
19.72
21.41
15.7
16.41
18.83
19.14
15.85
19.0
18.17
18.39
19.26
17.55
18.39
15.29
17.97
20.63
20.54
15.8
18.09
17.71
14.38
16.78
