15.71
55.72
15.57
14.93
17.53
18.37
18.27
17.7
33.45
68.01
32.18
15.99
15.37
19.2
15.09
18.95
16.95
20.28
16.28
23.84
15.27
18.73
16.19
21.07
20.82
14.88
14.56
16.99
18.48
14.13
16.24
35.62
13.1
27.79
22.8
14.81
56.56
40.41
17.77
15.64
20.44
16.01
23.6
17.23
16.03
14.93
20.27
15.67
25.55
19.32
17.08
19.41
15.14
15.31
15.99
15.46
16.37
18.57
19.83
15.64
36.23
14.23
21.53
17.39
15.24
18.21
27.0
18.27
13.89
45.3
16.66
20.1
14.36
24.27
17.07
14.03
15.14
17.37
17.47
19.82
24.36
17.5
18.26
16.17
15.3
17.28
19.4
17.12
19.36
17.64
22.82
14.31
28.67
34.46
25.31
21.23
16.79
15.64
18.08
32.6
16.64
15.69
19.23
20.46
16.54
18.91
17.1
19.39
14.17
18.92
21.1
21.23
16.77
18.93
16.01
16.4
20.93
15.61
26.43
64.86
17.11
20.9
18.38
14.22
17.02
25.3
33.63
17.04
14.69
27.56
18.71
15.03
19.62
16.63
17.4
16.66
15.41
22.33
15.5
33.64
19.11
37.34
16.19
16.22
15.49
19.88
18.16
17.25
25.49
16.56
22.42
19.86
18.4
17.52
18.51
12.89
14.21
17.07
40.06
17.31
19.53
17.69
22.73
16.13
14.76
18.17
17.84
19.09
21.41
17.71
22.17
18.33
18.21
14.59
17.25
22.28
20.21
17.87
24.11
15.83
76.43
15.93
18.06
24.35
18.38
18.34
20.01
18.28
22.31
14.34
15.19
19.39
22.66
27.06
17.88
14.49
16.53
17.5
17.13
17.24
16.0
17.79
16.28
23.26
19.97
17.21
36.53
22.03
22.08
22.16
20.42
39.3
17.25
26.76
16.36
19.44
15.7
18.24
17.36
17.62
15.98
17.83
12.87
19.3
19.27
19.52
20.02
17.41
19.69
16.21
22.77
16.91
13.91
16.49
18.8
18.04
45.55
16.15
16.62
14.43
17.41
15.71
17.9
17.12
19.38
23.75
31.94
19.69
15.47
27.45
21.17
14.61
16.31
15.38
15.55
17.89
20.18
19.6
18.78
25.57
16.78
15.26
15.8
16.5
19.77
13.73
13.57
15.85
17.19
16.9
20.08
21.97
16.37
18.5
16.09
14.98
15.34
17.88
21.67
17.62
14.69
18.3
14.95
20.14
17.67
14.79
22.17
19.59
23.89
18.0
16.47
15.64
20.57
17.76
20.68
17.72
19.12
15.93
27.81
17.09
21.24
14.05
52.47
19.87
19.59
18.38
16.5
13.63
22.93
13.16
19.59
16.32
14.84
17.8
34.9
16.72
22.9
17.31
20.32
13.44
20.32
14.73
22.67
15.87
15.35
17.15
39.07
14.19
15.29
20.54
16.82
22.83
19.24
18.85
16.14
16.91
17.73
17.69
15.86
17.33
19.31
16.68
18.24
19.1
17.03
17.43
15.64
26.13
13.54
15.92
19.66
14.02
14.48
20.69
16.9
17.52
47.44
16.88
15.56
14.46
19.15
34.72
17.64
14.31
18.01
17.96
64.1
17.85
16.51
18.93
20.44
15.65
23.45
57.76
17.47
22.96
38.03
19.11
37.55
17.91
14.81
18.51
19.63
31.78
15.91
18.95
15.66
16.79
15.65
18.44
17.67
15.37
15.84
21.21
14.21
15.39
26.61
41.87
16.56
34.56
16.01
17.81
22.82
30.52
16.31
19.83
15.41
18.11
15.63
16.48
21.08
14.92
16.13
18.33
19.69
53.14
26.31
22.5
14.17
15.33
16.75
43.57
16.46
14.98
17.38
15.29
19.74
17.92
16.33
19.38
16.17
18.06
13.31
16.06
22.7
48.93
16.9
20.07
18.49
20.83
19.73
14.76
47.04
16.67
16.03
13.49
17.54
19.16
17.1
17.63
13.93
18.69
18.14
16.39
25.66
15.79
15.81
17.85
16.02
14.89
14.79
15.61
15.46
18.19
31.92
14.03
16.73
17.15
15.94
21.0
15.58
21.95
19.37
19.94
18.71
15.91
52.18
26.45
17.63
14.59
63.47
37.25
17.57
15.55
19.28
16.12
25.72
19.8
24.25
18.22
15.01
19.49
15.14
14.41
14.93
25.94
16.97
21.64
16.22
28.5
17.01
16.44
15.91
15.76
18.43
17.21
17.11
30.07
19.69
19.49
15.32
17.03
19.34
14.26
19.96
14.34
23.13
18.41
18.91
20.56
14.52
19.04
19.94
20.46
25.13
15.18
18.82
15.19
19.0
57.29
17.84
14.76
28.12
15.09
17.25
23.17
15.61
18.58
22.07
25.52
20.11
15.8
16.58
18.68
14.98
18.95
19.7
18.13
18.1
18.09
57.15
15.81
20.05
46.43
15.33
17.21
14.37
21.68
16.61
22.51
19.25
16.45
14.18
18.04
17.58
17.13
18.69
25.09
16.38
19.57
17.05
19.69
16.57
20.65
20.39
16.09
17.94
17.26
13.9
13.81
15.26
22.44
15.11
16.17
14.22
17.28
20.21
20.8
14.12
17.11
18.66
16.56
28.51
13.63
16.5
29.65
26.09
15.9
15.39
28.63
22.16
21.04
15.32
14.75
18.53
20.04
15.56
19.61
21.61
18.13
19.19
17.72
18.56
27.63
17.95
20.02
18.39
14.04
37.56
17.74
17.39
36.62
16.55
18.27
19.14
20.37
17.27
17.83
16.6
17.82
13.6
19.27
17.67
20.9
16.29
16.75
29.9
19.6
41.16
17.82
18.68
20.02
19.41
17.1
19.66
16.58
30.64
18.4
18.39
20.98
33.69
15.66
25.09
18.45
29.05
23.77
14.47
19.55
14.84
18.01
17.17
20.2
16.51
26.5
24.21
14.97
21.53
39.09
15.86
23.99
14.92
33.0
16.13
16.67
22.68
18.38
17.13
15.33
25.36
22.96
20.5
18.62
14.28
16.37
17.43
17.27
15.9
16.91
33.02
16.62
34.73
18.08
20.59
43.56
15.94
18.24
16.39
14.59
14.9
16.22
27.12
16.25
24.06
42.79
14.72
38.01
17.65
17.95
17.31
17.19
15.59
19.15
17.51
19.02
35.39
17.16
24.3
18.26
19.23
18.7
15.72
31.57
25.78
18.81
23.08
31.97
16.85
20.37
16.73
19.84
25.73
18.3
19.88
16.71
17.95
16.09
25.32
23.52
16.12
26.07
19.16
27.71
15.37
20.13
24.37
16.12
22.6
17.38
31.41
17.96
15.05
23.4
16.32
20.28
17.45
13.64
17.02
14.43
16.36
14.91
26.54
19.39
28.78
17.66
15.63
16.84
18.17
22.91
42.81
27.89
18.58
17.53
15.3
20.18
20.97
22.85
17.38
25.62
14.46
20.11
14.37
16.23
16.84
15.03
22.42
23.12
16.69
15.4
18.32
14.83
26.48
17.29
15.06
17.44
19.17
17.48
14.26
20.81
18.47
20.86
15.63
21.13
16.1
18.93
15.0
51.66
45.33
17.98
13.94
17.75
20.71
17.27
17.96
16.22
16.66
15.03
17.72
15.84
19.84
19.81
14.53
25.19
17.66
17.03
15.99
15.78
17.86
18.15
15.6
15.81
23.53
16.85
20.48
16.08
17.02
15.88
14.51
14.42
15.91
19.32
12.77
17.86
18.53
15.72
16.07
17.39
21.03
15.51
16.93
16.31
19.67
22.13
15.08
16.78
18.83
16.19
15.78
47.42
17.46
17.28
20.08
18.94
17.59
18.72
15.63
16.87
16.91
16.08
29.81
14.98
15.09
25.03
18.04
17.76
22.27
16.71
16.3
20.42
19.27
18.89
19.12
18.27
16.01
15.69
16.41
20.15
17.48
22.17
21.57
20.27
15.2
17.81
22.73
14.93
19.36
19.07
19.03
70.04
20.05
19.7
45.31
28.2
21.43
20.62
17.3
20.21
14.38
18.25
17.65
24.31
19.43
14.1
23.93
19.58
17.64
17.68
18.79
19.86
30.27
15.65
15.93
46.38
17.9
18.91
15.37
16.44
15.69
13.81
14.9
28.53
19.52
25.37
19.38
15.42
20.64
17.39
19.13
21.07
19.39
48.17
15.56
21.84
28.59
14.2
19.66
17.76
17.47
17.64
18.86
16.56
18.12
16.02
20.31
18.13
16.96
15.1
17.18
19.83
18.51
15.74
17.55
17.79
20.38
18.09
21.45
16.21
18.43
18.57
16.89
31.08
19.15
18.29
16.71
13.67
19.41
18.43
20.05
21.71
20.5
19.72
15.99
25.63
16.68
19.14
18.97
15.95
19.32
60.84
38.32
20.28
17.75
14.34
16.79
14.58
20.55
17.02
18.48
17.05
15.82
15.58
18.15
16.62
18.28
14.94
15.04
26.13
17.85
17.9
16.7
16.25
19.5
13.91
16.05
14.07
26.95
16.91
15.28
18.01
18.12
19.51
16.19
14.16
15.18
20.25
17.53
15.49
17.32
17.59
84.33
15.17
14.41
14.95
17.68
16.86
15.22
18.18
25.6
17.35
17.88
15.66
20.71
16.14
15.89
18.76
14.59
17.78
18.99
15.75
19.25
16.93
20.8
16.7
21.47
16.52
16.2
14.74
17.67
17.87
15.65
15.41
15.48
18.79
19.45
25.07
16.9
17.49
17.69
15.19
19.26
29.32
16.44
17.69
19.6
21.08
16.17
14.35
15.91
14.6
18.17
15.92
15.72
15.11
38.39
17.81
19.32
41.21
19.01
14.81
21.25
25.14
16.16
19.92
17.5
23.92
15.25
16.22
20.38
19.84
17.58
16.41
15.74
17.14
33.4
22.83
18.57
20.35
14.16
40.58
16.41
19.7
17.53
16.66
17.27
18.27
18.36
19.05
18.76
19.41
18.27
14.34
20.18
21.33
46.7
14.72
17.33
18.38
27.05
68.73
15.61
15.04
17.48
18.02
25.32
16.73
19.28
17.32
19.07
16.75
19.21
14.38
29.75
21.22
19.94
44.04
16.11
14.96
28.92
17.55
16.98
20.33
16.07
20.69
17.33
16.48
18.63
16.02
14.58
15.88
19.9
18.15
18.44
18.85
16.88
16.93
19.14
16.82
18.22
21.88
16.69
14.96
14.96
21.89
14.55
54.03
16.89
20.45
22.03
23.95
17.28
16.79
14.81
15.07
17.27
14.2
15.89
19.06
15.2
15.3
13.89
18.5
16.4
14.5
21.85
16.83
20.22
15.69
17.09
16.1
14.97
24.85
19.83
16.21
16.43
15.79
14.65
20.9
36.49
17.28
40.76
17.24
17.34
18.43
22.62
16.91
18.37
18.87
19.43
18.23
19.05
18.95
16.56
20.72
106.68
16.93
25.43
41.25
15.06
19.06
18.96
15.22
15.24
14.1
14.61
17.1
18.2
13.88
39.86
18.8
21.56
15.48
26.52
14.3
16.88
17.61
15.21
20.09
16.78
18.97
17.21
20.81
19.53
16.74
27.44
16.89
17.1
75.96
16.97
17.08
18.77
18.11
19.78
16.14
29.02
19.22
21.13
26.62
16.35
50.96
18.9
18.52
28.48
17.03
21.63
16.24
22.76
18.27
16.59
17.65
17.72
20.63
30.97
28.16
15.44
51.83
41.07
15.13
39.52
13.97
17.57
16.72
18.35
20.44
18.48
16.38
19.78
27.26
17.05
30.6
18.45
17.61
14.76
26.07
24.35
24.09
36.56
14.43
23.41
19.23
17.35
36.41
17.1
16.64
58.83
18.62
16.85
15.99
38.41
20.0
23.23
17.94
15.75
14.57
15.73
15.08
15.36
17.25
16.2
22.18
31.22
15.32
18.12
21.97
25.11
30.05
18.09
14.91
18.43
27.94
22.78
22.33
44.99
15.05
14.97
14.97
40.25
17.28
13.51
14.86
33.67
18.01
17.99
20.18
22.79
14.97
16.8
16.93
88.63
27.83
51.04
21.62
15.59
18.09
17.97
35.65
15.94
17.05
19.64
17.14
17.93
13.94
24.32
21.02
16.2
25.43
15.12
26.83
19.88
16.51
19.88
16.05
23.6
17.77
14.43
17.92
15.56
16.12
16.51
16.38
17.47
14.47
20.1
17.02
18.68
18.15
17.81
14.77
15.79
25.54
30.47
20.09
21.48
19.92
18.94
18.54
18.87
19.66
40.23
18.47
18.3
18.92
15.06
15.45
19.8
17.9
14.98
19.74
17.02
15.6
16.63
17.94
16.61
17.88
18.49
15.62
25.62
16.76
17.89
16.9
22.85
16.26
17.34
16.3
53.26
20.15
23.55
19.49
29.3
14.36
17.52
15.3
14.64
14.97
15.13
24.8
24.11
19.8
18.1
18.04
17.41
14.95
16.87
18.57
19.77
16.89
16.82
21.63
18.24
16.4
17.48
15.21
43.83
20.63
14.09
17.34
16.49
15.72
16.15
20.86
14.03
20.18
21.06
15.25
18.78
50.87
21.5
18.31
21.16
18.77
17.39
15.73
18.6
16.04
20.99
19.26
20.49
18.22
17.44
18.47
15.49
16.51
23.89
22.08
17.68
17.64
15.59
18.42
17.14
42.28
20.0
35.94
15.59
71.52
18.62
15.1
16.24
17.53
25.9
18.8
15.2
38.21
20.43
17.68
18.34
14.73
16.34
17.36
14.93
16.41
18.01
16.12
15.67
15.83
17.99
16.35
16.03
27.45
18.13
15.79
19.81
15.98
16.67
27.23
22.2
15.66
20.4
15.18
16.6
20.54
66.65
16.47
14.82
18.9
18.15
16.75
20.21
26.85
20.51
18.0
39.24
15.64
15.24
24.09
25.24
17.49
15.02
18.44
18.37
17.16
16.76
25.07
24.24
14.73
19.94
19.2
17.5
57.77
18.95
17.83
19.49
18.41
19.74
19.44
16.91
19.41
19.96
15.61
15.19
30.82
26.72
22.61
29.74
33.54
18.71
23.6
15.66
22.16
14.18
15.09
37.45
16.4
18.72
16.46
14.32
24.89
15.57
15.27
16.19
17.65
16.0
20.08
13.16
23.29
18.11
39.19
15.59
19.61
15.78
16.62
18.43
15.65
21.86
17.45
19.08
42.46
14.78
19.45
20.38
16.34
28.26
20.86
16.67
14.71
46.8
17.12
16.05
14.6
21.18
20.59
15.43
15.61
19.91
17.75
15.24
21.83
30.47
17.03
20.74
15.85
19.65
16.14
17.81
17.01
17.3
17.84
18.03
18.23
49.37
25.0
17.18
20.41
15.59
20.08
15.1
16.49
14.28
17.01
24.63
13.98
40.95
21.64
20.39
41.22
28.39
19.75
16.51
15.47
16.09
19.19
19.22
26.74
20.62
16.83
18.27
17.41
18.13
20.49
13.66
17.68
19.36
16.13
13.66
16.63
16.07
14.68
17.24
25.3
21.59
37.03
18.42
15.16
20.23
18.04
17.59
26.64
17.1
36.0
14.62
33.31
32.68
17.6
18.06
16.61
17.06
18.54
15.3
21.56
23.58
16.57
18.96
20.9
26.33
17.69
22.79
14.29
14.2
22.76
18.5
33.19
14.43
16.25
23.43
29.66
13.94
17.6
17.15
16.91
36.53
17.61
24.1
20.47
17.64
15.98
17.79
16.89
14.79
18.63
19.04
16.09
14.72
22.65
17.53
15.99
17.56
16.71
20.2
18.87
17.58
18.1
15.26
17.45
14.94
23.55
16.28
14.43
16.65
16.24
17.07
16.49
62.49
25.34
15.3
19.02
16.55
20.56
27.38
14.8
24.99
20.47
34.03
15.97
21.19
15.01
17.72
16.89
14.37
23.22
18.05
15.21
20.27
16.19
18.84
14.17
56.28
19.24
28.61
33.81
19.13
18.39
25.81
20.96
15.62
19.2
18.46
17.36
15.91
21.75
19.33
16.66
36.12
19.71
13.85
19.52
14.75
16.93
21.42
15.34
15.31
21.36
15.8
29.66
17.64
20.06
16.67
15.64
15.32
14.68
93.5
39.96
17.46
14.84
18.0
22.77
20.88
15.49
14.21
16.96
18.75
13.92
21.04
16.1
16.71
29.61
16.08
18.15
18.1
19.38
16.92
22.86
22.65
19.71
22.03
16.35
16.92
17.12
13.44
27.72
13.76
17.77
17.24
13.85
16.59
28.71
17.3
18.53
17.19
23.6
16.9
19.94
20.99
13.99
21.55
45.76
18.25
16.6
27.6
13.71
16.71
19.65
19.0
15.65
15.41
19.48
15.27
16.07
15.08
18.02
32.64
14.56
15.11
16.03
20.16
15.05
18.83
40.17
56.34
14.52
26.8
17.58
16.8
21.15
19.88
15.91
21.57
19.87
28.98
18.44
19.75
16.78
29.99
18.43
17.33
15.34
17.73
14.79
16.85
22.36
55.78
25.31
53.79
15.49
30.88
17.52
18.24
16.35
20.4
17.31
14.45
14.03
15.69
34.66
16.35
24.99
13.92
14.76
18.77
18.54
35.34
14.06
17.83
14.9
15.64
49.06
17.0
13.87
16.79
17.12
25.64
13.64
42.09
36.46
17.89
17.84
32.89
17.13
17.45
15.97
19.47
20.17
15.68
40.86
14.48
19.58
16.62
15.91
16.18
32.13
18.91
13.89
16.79
16.16
15.0
19.2
20.97
16.22
15.05
17.2
24.99
22.9
15.76
16.64
16.01
19.96
17.27
15.12
39.98
13.51
20.91
17.09
16.89
19.19
16.43
21.19
28.87
72.75
15.88
18.39
61.37
18.12
14.68
17.03
37.98
17.97
26.6
18.32
20.21
24.84
22.88
15.89
60.42
18.73
