44.99
42.28
33.97
32.65
15.28
15.75
14.75
14.97
15.31
15.91
19.69
15.48
15.37
16.36
16.57
14.35
18.66
16.9
14.56
18.13
36.14
19.32
15.66
15.35
14.76
15.02
15.09
17.01
16.79
16.13
16.37
15.31
19.3
26.85
28.39
19.94
25.29
17.02
16.49
17.07
18.74
16.1
16.2
16.22
17.03
16.31
15.9
17.93
15.47
16.68
15.66
15.64
18.62
15.94
18.07
15.58
20.49
27.63
17.45
16.62
17.02
18.74
19.87
18.24
16.14
16.93
16.84
20.91
18.82
18.66
18.11
18.54
18.2
20.97
21.18
19.04
21.08
17.93
16.7
17.34
17.53
18.4
17.47
25.62
25.19
24.27
19.15
17.75
22.77
20.01
18.91
25.73
29.65
26.54
29.74
30.1
18.76
25.05
20.55
26.76
48.19
18.0
29.33
40.5
21.29
17.77
33.62
35.15
33.85
22.79
31.92
17.79
24.4
27.52
34.05
27.66
41.22
22.09
23.06
22.1
21.85
17.45
17.15
15.37
18.63
15.6
17.41
16.18
16.08
15.64
15.84
17.58
16.08
17.29
16.33
14.56
15.35
14.76
16.9
15.4
16.2
17.07
15.79
14.88
17.42
14.6
13.75
16.36
15.14
15.56
16.47
15.51
15.39
14.18
17.59
16.14
15.32
15.44
15.99
19.05
27.05
17.26
16.09
20.9
18.96
16.71
14.43
22.7
20.11
15.11
17.64
13.97
17.53
15.42
18.02
20.65
17.07
16.79
17.31
18.39
18.21
14.98
17.65
20.59
18.25
19.66
18.56
20.93
19.93
17.07
15.57
16.74
16.35
18.53
16.53
17.14
19.08
16.51
13.49
21.03
14.9
17.25
15.95
17.96
16.3
16.13
20.62
18.04
16.4
18.06
19.56
17.63
16.06
15.11
15.72
14.63
21.33
16.41
16.12
14.62
14.73
18.38
16.72
15.69
14.85
17.1
16.31
15.74
13.81
15.64
16.56
16.02
15.62
19.44
15.65
14.56
15.43
14.22
14.87
15.07
14.48
17.9
15.3
20.9
20.02
16.9
15.27
14.68
14.5
14.96
15.29
14.6
15.39
15.19
19.41
13.73
14.17
16.67
17.03
17.48
23.17
17.89
16.16
15.67
17.67
16.66
15.9
17.02
15.25
15.5
17.54
15.73
20.44
14.56
16.24
16.05
15.37
15.32
15.32
13.97
15.24
15.33
17.7
14.81
14.95
19.6
16.19
17.13
15.6
14.17
18.22
19.62
17.99
16.64
17.96
21.75
15.72
17.02
16.03
15.56
16.91
16.4
15.6
18.5
19.04
17.64
17.07
17.03
18.36
15.71
14.8
14.95
17.13
18.66
19.2
15.18
15.48
15.64
16.89
15.49
14.98
18.27
17.54
16.48
17.16
17.77
17.85
16.35
21.2
19.94
17.69
17.51
18.57
18.38
15.81
14.99
18.87
16.81
18.27
15.02
15.61
16.06
16.13
17.93
16.28
15.2
17.39
21.3
17.77
18.11
18.23
16.76
15.37
17.85
16.03
16.86
16.57
14.8
15.89
19.66
15.61
18.16
20.54
16.45
14.42
23.26
16.97
20.44
15.96
17.84
17.82
16.48
17.16
16.82
15.3
19.04
18.87
16.63
13.63
16.05
17.22
17.34
18.85
17.0
16.88
14.71
16.67
17.09
17.19
16.13
15.91
15.6
17.72
14.97
20.2
14.42
14.45
18.77
20.25
16.9
16.19
17.04
17.16
18.3
15.73
18.87
17.16
19.96
16.83
20.39
18.56
14.65
18.73
14.56
15.99
21.64
17.92
21.56
18.51
17.64
13.85
17.28
19.39
18.95
15.34
18.22
15.25
15.66
16.57
15.64
18.53
14.35
15.26
20.69
18.36
14.07
14.9
16.26
15.34
17.62
16.56
18.17
18.49
17.28
16.02
16.71
19.41
16.0
15.06
21.15
17.12
17.76
19.47
17.43
21.56
16.08
17.9
16.08
18.72
19.26
15.64
15.11
17.63
17.36
15.18
14.73
15.7
16.92
22.18
16.76
17.84
17.75
16.85
14.24
13.81
22.83
16.99
21.03
19.54
14.66
16.69
15.99
20.71
18.27
18.33
15.91
17.7
15.86
16.13
17.24
26.44
17.65
20.1
16.83
16.15
14.88
14.73
20.27
15.27
14.92
56.84
72.98
48.5
20.86
26.48
23.45
63.52
18.73
20.4
58.5
23.94
40.25
31.73
17.81
22.13
15.62
15.47
26.6
18.93
19.13
26.59
22.9
22.2
27.73
20.57
28.67
26.66
32.68
28.84
37.68
44.04
51.43
24.31
27.36
31.05
37.55
22.99
41.07
40.23
38.39
19.35
27.05
22.85
20.9
26.61
27.06
35.34
19.25
36.62
37.36
42.35
24.54
35.62
32.37
27.81
27.71
24.82
33.31
18.68
16.32
19.02
20.06
21.72
23.13
24.51
21.99
28.83
23.58
22.73
20.4
27.03
25.0
24.35
32.52
19.26
28.48
21.08
29.32
20.77
47.04
21.83
45.33
61.9
56.34
29.61
46.7
27.43
29.3
33.63
26.6
32.27
25.52
23.43
23.12
26.45
26.07
27.54
26.64
27.23
25.49
26.95
28.99
50.75
49.06
37.03
42.28
51.66
36.12
25.43
36.23
33.94
19.41
27.4
71.34
64.86
40.95
39.01
45.06
43.83
76.87
25.09
26.74
15.32
13.85
19.98
14.54
25.58
22.66
15.64
15.77
14.3
15.69
17.36
18.03
18.05
15.14
16.07
14.76
14.52
15.51
19.38
19.38
17.81
16.63
17.05
18.25
17.43
16.96
19.89
20.5
17.1
16.58
18.47
18.09
17.69
17.87
14.56
18.0
20.37
15.12
15.51
17.18
16.32
18.79
20.04
17.12
16.08
16.44
15.79
15.45
18.19
16.46
17.84
19.43
15.93
19.31
19.69
15.82
17.1
22.51
18.9
17.54
15.61
16.33
20.5
15.38
19.37
20.2
17.1
21.48
17.83
18.57
16.56
17.88
13.71
17.28
15.65
20.12
20.16
16.07
14.71
20.23
16.12
17.76
19.75
17.05
14.79
16.92
15.35
13.83
17.06
17.08
17.67
16.62
15.55
15.75
14.12
18.97
16.04
14.76
14.88
19.54
16.89
16.67
14.43
14.88
14.13
17.95
20.22
18.08
16.76
17.67
14.49
15.72
14.36
16.24
24.09
16.35
16.21
16.21
14.56
18.1
16.2
14.53
15.61
19.49
18.82
17.99
16.08
18.54
16.49
15.27
13.66
19.79
22.33
15.07
13.94
19.4
18.69
15.32
16.91
17.47
19.83
18.12
15.14
19.11
19.26
20.48
18.29
20.86
16.61
15.68
16.28
16.63
16.16
16.89
17.03
15.12
18.79
16.91
19.27
16.22
16.64
16.48
17.72
16.35
15.66
14.9
16.56
19.83
16.55
16.88
15.48
15.07
18.21
19.84
16.23
15.57
16.78
16.29
15.66
17.18
18.26
18.95
17.45
16.01
16.38
16.85
17.87
15.91
17.55
16.85
18.6
14.35
14.22
14.18
17.28
16.88
16.74
15.26
19.44
19.76
18.49
17.36
14.42
16.77
15.09
16.34
20.91
16.12
16.03
17.01
14.3
16.55
14.95
15.0
13.93
19.48
17.79
14.15
19.69
16.38
15.18
12.89
15.69
18.59
18.46
18.43
18.16
18.44
17.67
20.56
15.96
19.04
15.76
14.2
16.6
17.45
14.2
17.34
19.58
15.56
16.01
15.65
16.71
15.06
19.61
19.83
14.76
15.81
16.88
15.59
17.38
17.85
16.4
16.66
17.82
17.72
23.26
17.08
15.96
14.83
14.47
16.93
14.65
20.54
22.16
15.37
17.39
15.96
14.87
16.39
14.74
17.28
18.13
19.72
15.48
19.7
19.58
14.42
14.91
19.74
20.76
19.5
16.8
15.93
16.06
17.24
22.96
20.36
19.41
18.63
21.62
19.56
15.54
15.99
14.93
17.4
19.92
17.04
19.06
18.19
16.78
18.43
17.81
21.75
16.66
21.02
19.44
15.92
18.8
21.25
18.12
21.07
16.89
16.09
17.73
17.13
16.92
15.49
14.41
16.98
16.63
16.87
15.7
14.03
14.95
14.93
17.8
15.13
16.62
18.12
15.51
19.53
15.91
15.19
17.42
14.93
16.4
16.13
15.12
19.05
15.01
16.2
17.95
15.79
18.6
17.18
16.63
15.66
19.19
14.1
16.34
15.3
15.95
16.08
19.4
19.38
15.72
14.69
20.0
17.01
17.35
19.58
14.96
17.59
17.6
16.03
16.06
16.22
18.75
16.66
14.8
14.21
17.18
16.33
17.03
19.97
19.07
18.38
31.87
38.32
21.22
25.94
21.7
45.53
28.78
27.45
57.76
20.39
18.36
17.88
53.78
16.61
17.58
19.38
15.96
21.71
16.31
17.4
19.4
33.2
18.67
26.31
19.11
25.37
22.42
24.89
17.3
18.1
18.63
26.43
16.22
26.79
28.53
32.05
15.41
19.57
15.45
16.18
27.68
41.69
42.17
17.64
21.14
15.81
18.1
16.99
21.56
26.54
15.25
18.39
30.64
23.27
17.4
19.1
19.94
24.09
25.32
22.82
19.36
19.71
22.61
19.66
24.03
17.66
21.07
16.65
18.41
17.82
19.29
18.99
19.69
17.51
17.88
16.33
18.91
18.5
17.59
16.51
22.03
20.18
21.5
28.77
29.93
25.31
19.88
25.34
24.99
18.74
21.26
28.98
27.68
23.6
20.21
31.74
28.75
28.16
23.6
26.69
28.92
31.17
27.72
25.43
33.08
49.56
36.44
20.16
62.49
53.79
38.78
21.19
39.53
34.72
24.97
23.93
31.19
20.83
25.81
21.61
33.16
33.2
14.33
16.03
15.86
16.69
15.67
15.18
14.81
15.29
14.76
14.96
16.52
15.22
16.06
13.9
14.2
14.06
29.34
37.34
23.58
17.55
16.83
16.0
18.54
15.84
17.25
18.12
17.51
17.01
15.37
19.59
15.2
14.9
16.17
15.59
14.22
18.75
14.52
17.48
16.09
14.36
17.02
16.78
15.32
15.72
15.49
14.16
15.05
18.14
17.1
19.49
25.09
14.84
19.59
16.49
18.49
16.61
19.02
18.06
15.07
20.51
16.9
16.17
14.79
18.11
15.01
16.66
15.27
19.36
14.75
16.55
13.93
13.51
13.67
15.65
15.09
14.44
15.0
14.37
15.1
18.15
16.66
19.09
19.53
18.58
15.48
15.01
16.37
16.18
16.59
14.17
17.44
18.34
16.7
15.32
17.19
21.06
15.6
15.62
16.33
18.54
14.82
13.93
16.3
16.46
14.61
13.88
15.89
15.18
15.69
15.52
15.37
14.46
16.91
17.58
14.5
14.69
17.01
15.59
15.88
14.16
15.28
16.51
21.35
21.58
15.88
14.8
18.82
17.52
15.3
17.32
17.53
15.56
15.86
14.59
15.56
17.53
17.59
15.06
17.25
16.79
17.34
17.51
17.33
15.37
17.83
22.65
17.72
16.59
16.09
15.73
15.32
16.19
16.3
19.64
15.49
19.05
16.79
20.98
16.24
16.09
20.57
18.61
16.01
17.69
17.54
13.98
18.02
16.75
18.48
16.5
14.43
18.15
17.7
14.43
16.57
17.28
18.93
16.13
15.11
17.81
15.52
15.15
16.93
16.58
17.73
17.66
17.61
17.74
14.31
19.23
15.36
16.19
22.16
17.53
16.62
20.99
15.38
14.98
17.31
19.0
15.33
21.22
17.09
18.24
18.17
18.72
16.44
22.07
18.0
15.81
18.58
17.6
20.38
17.25
19.28
17.12
15.49
17.24
14.9
18.26
20.52
15.37
16.53
16.14
17.18
22.65
18.53
17.88
18.28
18.31
15.69
13.87
15.16
14.17
18.15
14.64
17.84
16.94
13.65
15.96
14.84
13.92
15.97
16.34
17.24
14.66
16.41
15.3
14.74
16.87
16.01
19.21
14.26
16.47
20.05
16.52
14.69
17.83
14.46
13.78
16.43
16.15
19.52
20.57
17.94
17.43
16.12
19.34
17.84
15.69
20.08
15.65
16.91
18.38
17.12
19.49
16.62
15.85
18.02
21.97
17.48
15.61
20.64
16.17
19.36
17.51
16.65
17.99
16.01
18.35
21.14
20.44
17.02
20.37
16.78
20.29
25.63
18.21
15.69
24.96
17.36
15.04
22.5
14.79
15.99
15.24
15.03
16.39
17.35
15.81
18.95
22.78
14.72
15.42
16.12
21.68
15.46
17.91
22.36
19.45
16.86
15.41
18.45
17.03
16.13
18.71
16.59
17.12
19.14
17.68
17.96
16.89
16.8
14.06
18.25
17.81
16.44
16.14
15.65
18.62
16.43
18.72
16.76
16.25
18.26
15.6
14.92
14.43
14.38
15.28
18.44
16.13
18.51
16.44
16.65
18.94
16.2
15.08
16.23
15.22
19.83
19.84
15.22
21.18
18.79
15.39
15.33
14.68
16.41
18.15
15.04
18.92
15.69
18.44
17.21
18.16
17.58
17.64
42.09
38.01
19.61
26.33
23.89
32.08
21.41
57.65
72.75
64.1
24.27
22.93
18.46
23.4
19.32
22.76
18.85
18.43
20.32
19.74
19.17
21.49
17.49
20.93
22.97
19.19
19.92
20.54
21.95
21.53
22.28
18.43
21.25
19.8
30.36
30.07
30.47
15.92
24.9
21.42
17.59
22.44
20.94
23.73
17.26
21.98
20.97
23.29
17.15
21.97
25.22
16.24
22.46
25.66
17.02
17.16
17.56
20.63
19.6
20.34
18.67
21.0
19.61
27.17
20.39
28.67
19.01
24.48
17.58
23.77
19.03
25.83
21.56
22.97
18.29
25.07
31.65
35.43
20.42
22.17
25.48
34.66
23.46
31.78
25.11
30.03
28.59
35.33
24.22
33.19
21.55
27.83
21.89
26.21
25.16
42.81
24.45
22.82
24.11
36.46
26.09
27.53
24.19
35.37
45.3
41.21
25.9
46.43
51.44
27.92
29.02
38.98
34.44
25.03
23.89
44.24
39.98
20.4
37.25
50.96
29.77
19.17
16.82
16.71
15.02
14.03
17.9
18.24
35.24
36.47
15.27
17.86
24.35
26.83
18.09
19.75
13.64
17.32
17.06
18.33
18.78
14.3
17.69
15.86
14.51
15.84
15.94
17.38
16.58
16.19
17.96
16.82
16.8
13.71
15.57
15.7
19.15
17.59
18.73
14.16
15.05
14.53
17.21
17.09
17.1
16.18
16.82
17.45
15.65
14.05
16.69
17.14
16.92
20.87
16.67
18.65
20.09
15.6
15.2
20.81
19.71
19.8
19.4
14.72
14.43
16.2
18.54
14.88
17.27
15.69
17.06
16.35
15.83
14.14
14.6
16.65
15.73
16.62
14.29
19.07
15.09
16.13
18.68
16.57
16.89
16.58
15.99
15.98
22.9
22.36
15.94
14.86
15.48
14.32
16.52
15.3
15.67
16.94
15.6
15.83
16.08
17.98
15.13
16.01
17.21
19.47
14.64
15.91
15.21
16.0
16.31
16.09
15.25
15.64
15.49
17.13
17.9
18.43
15.62
17.0
14.99
13.81
17.75
15.58
19.6
19.24
18.1
18.87
18.37
17.03
16.29
17.74
18.38
19.06
15.02
15.26
16.79
15.9
16.82
18.43
17.61
16.79
17.04
18.61
16.91
21.01
16.86
18.95
16.22
15.56
16.92
18.33
17.97
18.04
14.98
22.08
14.42
16.47
17.14
15.06
15.77
19.02
18.16
19.11
21.75
19.45
18.27
21.24
15.38
17.68
16.82
15.91
17.49
17.75
20.28
14.94
13.51
17.53
20.09
19.99
16.85
20.41
19.89
16.61
17.84
22.09
15.38
15.92
16.75
15.39
20.69
20.43
14.97
13.99
15.95
17.02
16.83
19.55
13.66
17.96
16.49
17.94
14.44
17.47
14.39
15.64
13.33
14.88
17.34
16.66
16.59
16.53
16.35
15.44
14.75
16.31
19.41
23.6
18.06
18.42
15.46
16.14
15.74
16.12
16.25
19.08
16.05
15.52
16.51
16.94
18.37
15.67
16.1
13.63
15.46
16.85
20.63
21.56
18.59
15.99
15.13
18.39
16.29
17.11
17.33
14.45
14.97
16.21
14.66
15.39
13.89
15.4
15.63
15.32
14.93
15.11
16.54
20.5
19.66
16.24
16.62
17.99
17.55
15.82
20.35
18.71
14.84
15.78
15.59
16.9
18.43
16.2
16.65
15.08
16.69
14.93
20.27
15.59
18.87
17.37
15.62
16.09
14.5
15.41
15.48
20.56
22.3
15.64
15.22
14.75
19.87
15.15
18.16
19.16
15.9
16.24
20.39
17.82
14.98
15.76
14.9
14.99
17.18
19.39
17.79
15.97
16.43
20.9
15.79
14.16
14.29
18.62
19.09
15.1
14.91
14.18
16.84
19.78
21.34
15.55
15.19
15.5
17.48
14.47
15.81
18.07
21.36
15.91
15.23
14.98
15.18
16.75
16.19
16.78
18.9
16.22
17.27
15.6
16.15
22.33
14.64
19.76
20.04
18.27
18.8
19.62
14.49
14.53
15.21
18.47
18.37
16.21
16.09
16.9
16.43
17.37
15.67
17.65
16.91
18.86
17.2
18.42
17.48
18.53
14.69
17.23
17.95
16.34
18.34
15.65
24.3
17.87
16.75
16.3
15.78
15.76
13.64
15.87
16.16
17.33
57.15
68.73
59.87
19.86
22.99
31.94
27.44
48.93
88.63
55.15
38.41
36.56
39.22
75.96
34.33
57.77
46.93
32.6
43.56
35.25
22.05
27.56
24.1
19.86
25.93
18.98
33.84
22.08
29.67
23.52
27.82
27.87
39.09
20.51
30.7
26.07
36.32
22.88
32.88
40.41
32.25
25.82
29.95
44.15
23.28
32.13
30.05
43.57
22.77
36.64
52.47
54.03
48.17
39.3
63.32
44.85
22.33
27.06
45.7
25.24
21.22
33.33
22.42
47.16
22.83
39.07
23.16
34.55
24.31
35.39
22.86
32.64
21.62
29.14
63.47
98.5
77.84
89.83
38.21
58.83
33.54
40.06
22.1
26.62
20.52
33.02
28.51
40.76
21.84
50.88
23.41
49.73
57.29
76.43
24.41
34.46
31.97
52.18
25.57
24.8
25.07
23.83
27.3
71.52
106.68
86.85
19.51
30.34
48.3
31.41
23.95
51.83
18.76
47.44
60.56
68.01
45.55
48.76
57.87
53.26
84.33
17.61
17.69
21.64
17.47
18.27
18.32
19.2
17.2
15.81
16.82
17.64
16.1
19.6
24.32
25.31
15.74
20.17
20.5
20.97
15.87
19.38
14.74
34.08
38.03
33.4
16.89
16.6
15.42
20.14
19.81
20.04
16.48
19.96
21.19
14.21
19.13
19.91
15.43
15.41
14.58
19.41
20.2
39.96
15.89
16.43
28.12
18.09
17.61
17.68
17.78
16.75
18.06
16.64
19.49
20.17
14.77
16.5
16.9
19.33
21.13
19.67
15.99
16.1
18.01
17.35
14.2
17.08
17.1
21.6
17.52
17.55
14.41
15.64
13.91
14.28
15.65
18.01
19.26
13.85
13.76
15.46
17.88
20.08
14.34
17.23
16.63
14.63
18.2
13.85
15.82
16.05
15.27
19.16
18.88
14.83
31.18
15.94
15.09
18.42
20.27
16.38
14.34
26.94
27.95
21.56
23.66
15.61
17.2
17.46
18.8
15.61
19.22
19.76
20.21
17.59
16.73
15.49
18.64
14.05
17.49
14.37
17.24
16.45
15.24
17.13
17.67
24.35
25.88
14.38
15.24
16.68
18.34
15.79
15.71
14.37
15.08
19.6
19.28
14.59
14.56
14.77
16.5
17.46
18.01
15.51
16.54
16.89
17.44
16.41
16.44
15.05
18.1
16.85
15.8
14.97
18.01
14.79
17.47
24.25
22.42
23.75
17.19
17.81
14.47
16.37
17.0
14.09
15.11
16.67
13.46
13.31
13.05
15.01
13.13
16.84
13.37
14.35
14.1
13.66
13.1
13.26
15.81
13.16
15.8
12.98
12.97
15.17
16.22
13.63
13.85
15.04
14.87
13.51
13.44
16.38
17.75
14.68
14.81
13.63
16.0
13.2
12.87
15.8
15.98
12.77
13.6
15.75
13.16
13.38
13.16
13.38
13.1
13.54
13.44
14.91
13.63
12.94
13.83
14.15
13.16
13.85
13.54
13.92
13.2
14.5
16.75
16.17
13.57
16.88
20.0
17.27
15.8
18.04
16.72
16.57
14.03
13.46
16.15
16.71
14.09
15.5
14.77
17.68
14.73
13.56
17.81
15.63
14.1
19.22
14.9
14.97
18.91
19.55
20.22
19.88
16.62
14.21
14.07
16.07
17.99
16.76
18.32
16.9
17.13
13.96
15.55
13.89
18.38
14.91
15.0
14.32
14.16
17.35
18.86
14.38
16.7
15.8
15.17
13.64
14.34
15.75
15.11
15.12
15.63
19.34
18.2
13.66
14.31
20.23
20.05
19.74
12.92
17.43
17.67
19.89
17.5
17.42
18.85
15.33
18.41
18.28
20.13
20.18
20.83
14.59
15.8
15.91
20.28
19.68
19.23
16.5
17.31
18.49
16.02
15.76
13.86
16.96
16.7
14.97
16.85
18.18
17.12
14.37
14.34
15.2
14.59
14.47
16.68
16.6
14.02
17.43
17.47
13.84
17.63
16.29
16.93
15.87
16.93
18.96
17.72
19.7
20.64
30.27
27.13
15.05
15.1
18.84
14.03
14.52
16.62
16.36
15.65
16.14
15.19
17.96
18.92
14.04
17.68
16.28
28.07
16.24
16.28
18.13
15.14
19.6
16.71
16.07
18.86
16.3
14.97
15.6
14.17
16.3
16.73
15.02
19.32
23.55
19.25
22.09
39.86
51.14
30.47
15.31
17.89
18.09
37.59
24.35
23.6
42.79
22.01
21.16
18.28
15.45
15.65
15.18
22.85
16.62
17.48
14.56
15.5
17.39
14.75
22.68
27.45
18.94
19.25
16.26
18.67
17.16
21.89
24.36
33.96
26.04
56.34
49.95
55.72
17.6
46.8
40.86
29.05
18.77
26.73
41.87
18.31
20.08
18.0
22.17
18.96
25.6
23.08
17.64
18.23
32.18
34.61
30.6
20.07
23.83
25.78
26.13
18.44
24.63
20.36
24.21
18.77
22.67
17.31
22.17
20.98
23.55
19.62
23.92
19.94
47.58
36.25
41.16
23.53
27.12
20.01
32.16
18.76
24.6
20.47
31.66
21.07
29.54
25.16
30.52
20.59
23.16
21.99
31.57
22.73
23.69
19.02
23.61
21.37
20.15
19.45
20.96
19.69
17.96
19.93
28.87
38.84
16.99
22.09
33.81
37.22
23.84
22.77
25.3
24.99
26.48
25.3
51.6
50.48
30.95
38.09
44.71
30.89
30.88
17.69
19.33
19.65
16.12
20.93
20.16
19.39
15.59
18.88
18.96
17.38
19.0
20.47
18.68
19.75
20.18
20.47
21.56
20.49
15.78
19.6
15.56
17.37
19.09
15.94
15.43
17.05
22.02
16.24
19.31
17.85
15.54
14.95
20.43
16.46
17.21
18.57
16.66
17.44
19.02
15.98
16.93
17.08
17.11
17.24
18.93
16.61
15.61
19.41
18.74
18.69
19.43
20.38
21.41
21.55
17.52
17.5
19.65
17.37
20.14
19.63
17.76
22.77
18.11
20.13
17.47
19.1
17.74
15.91
16.91
17.51
16.63
18.88
20.91
21.61
18.57
18.67
18.09
16.94
17.84
18.63
20.41
18.89
18.09
17.89
17.31
18.28
19.48
15.59
16.71
17.86
18.93
18.06
16.5
18.28
17.57
16.51
17.21
19.11
19.83
17.8
18.25
19.66
20.02
17.26
19.72
17.31
17.92
15.83
17.41
16.11
14.11
16.84
19.88
17.1
19.26
17.24
19.13
15.06
15.09
18.18
19.95
17.95
19.23
16.83
16.21
17.52
18.34
17.68
16.11
18.14
18.57
16.91
17.5
17.03
18.43
17.53
18.48
16.32
18.58
17.58
18.73
16.93
18.67
16.77
17.7
16.77
18.03
16.02
17.79
17.1
15.67
18.05
16.57
16.16
15.98
17.13
18.85
14.82
18.4
19.15
15.3
16.25
19.9
19.36
16.77
13.91
16.9
18.04
14.41
16.66
17.24
17.04
14.68
17.31
17.82
16.67
15.73
15.0
17.7
18.16
17.63
17.39
18.16
15.46
16.16
15.35
15.78
16.13
18.1
18.14
18.53
16.25
16.8
16.72
18.46
13.89
15.24
15.56
15.98
16.09
14.77
16.54
16.25
15.38
15.94
18.22
18.06
16.43
16.89
17.27
19.32
15.41
19.73
14.21
17.69
16.79
14.74
19.04
19.12
14.68
16.35
18.27
18.54
14.18
17.98
17.96
19.04
17.88
17.97
16.56
28.71
28.63
18.02
18.91
18.42
13.94
17.29
20.35
17.88
14.24
15.58
15.05
13.94
16.35
18.22
14.59
16.73
18.43
19.29
15.71
18.22
19.56
19.65
16.22
18.11
14.46
14.96
17.16
17.61
16.2
16.2
17.1
17.81
17.85
14.82
14.23
16.39
16.55
16.54
17.01
16.79
17.05
16.39
17.12
15.0
18.31
15.75
15.57
13.84
13.94
16.6
18.3
20.38
21.52
14.64
15.39
14.06
16.22
15.39
18.29
21.59
14.62
18.21
18.5
21.47
15.32
16.69
25.32
17.25
20.08
19.39
20.44
26.13
28.26
19.45
27.6
19.84
19.2
21.24
20.64
16.7
17.83
18.38
17.78
16.89
20.02
16.88
18.57
19.52
20.14
18.12
17.72
18.52
20.0
16.08
15.17
16.37
17.21
15.93
18.89
17.32
14.61
15.62
16.1
16.82
17.1
16.54
14.7
16.32
14.61
14.98
16.92
16.17
13.31
14.15
16.64
19.24
20.74
17.55
17.6
16.66
17.89
16.9
14.49
18.83
21.43
18.42
17.14
18.93
19.19
19.3
21.1
18.15
18.15
16.83
17.28
20.28
20.48
17.6
18.92
22.03
20.32
18.19
18.62
19.07
17.5
17.04
48.64
49.37
14.8
15.57
22.03
24.85
56.56
55.78
60.84
22.16
25.72
28.5
20.52
16.91
15.93
16.37
19.73
20.35
22.55
17.63
20.02
27.94
20.21
20.11
28.39
21.6
25.57
22.6
25.62
20.06
22.31
20.82
22.72
17.56
25.36
20.0
22.91
18.88
30.97
18.23
18.48
20.4
36.0
49.14
17.91
19.75
16.89
30.34
18.13
21.53
22.08
16.37
16.33
28.04
16.79
18.5
16.55
19.43
22.16
24.99
18.08
19.54
21.67
35.1
19.67
22.83
18.94
26.59
16.42
23.99
19.61
39.19
21.36
21.24
17.55
29.63
17.89
26.52
18.3
20.4
19.77
32.78
20.72
35.85
23.23
28.57
20.99
34.73
18.27
24.84
22.42
24.73
18.73
22.73
18.1
24.81
22.62
29.66
19.77
19.86
21.67
21.45
22.84
29.3
50.23
33.45
23.78
30.68
32.97
18.56
27.89
43.34
42.46
26.63
26.76
33.63
29.99
28.81
25.55
41.25
25.32
24.25
26.5
27.38
29.75
15.83
15.8
15.46
17.3
13.98
17.71
16.55
17.61
16.69
16.95
17.96
15.03
19.0
18.45
14.23
17.27
16.02
18.3
13.99
17.52
16.47
15.1
16.83
17.57
18.06
17.35
16.99
17.41
14.57
14.72
17.42
16.75
16.32
17.41
16.58
18.21
18.75
14.94
16.32
15.17
17.9
18.47
19.27
20.17
19.65
19.51
16.24
16.34
18.15
19.69
22.29
22.03
18.21
19.52
17.66
18.37
19.41
19.39
17.98
18.53
21.26
19.71
16.82
17.18
20.49
21.63
19.77
19.73
17.21
17.29
21.16
16.54
16.68
17.32
16.34
16.64
15.34
14.31
15.21
15.63
15.83
18.35
21.22
17.77
19.97
17.2
19.28
17.64
18.15
19.22
19.39
20.15
21.62
17.11
17.39
17.71
17.66
17.72
18.12
21.24
20.44
16.82
18.45
18.24
19.41
17.05
19.36
16.62
16.9
19.54
18.34
17.7
20.56
18.38
19.3
16.2
15.8
16.85
16.82
19.48
19.82
20.66
21.23
19.12
20.74
15.99
17.92
18.74
20.05
17.08
18.31
17.66
19.94
16.22
17.05
18.9
20.99
19.49
19.34
17.38
18.27
15.85
17.12
16.47
16.51
16.45
16.63
17.47
15.78
18.96
20.68
18.52
19.37
16.67
18.68
14.48
19.25
18.97
17.29
17.44
17.73
17.35
17.94
16.51
17.16
18.45
16.6
17.1
16.1
17.97
14.89
14.5
18.71
17.28
15.26
20.06
18.15
18.17
15.68
18.07
18.33
16.75
17.59
17.14
17.59
20.09
19.92
20.21
19.45
16.74
16.88
17.01
18.66
15.21
16.93
17.98
19.15
15.4
15.47
18.48
18.89
15.92
15.56
18.0
18.95
17.19
18.87
19.8
21.27
14.6
20.81
15.98
16.03
15.12
13.68
18.78
19.61
16.09
16.28
18.14
20.1
19.73
18.7
19.57
18.58
16.28
16.4
15.68
14.43
14.81
20.18
18.47
19.36
17.92
15.39
16.17
17.9
17.5
16.63
17.71
19.15
14.84
14.98
18.38
19.29
18.85
19.97
15.31
15.75
16.01
17.34
15.03
15.16
15.82
15.43
14.39
16.56
15.77
17.21
19.14
17.5
16.88
15.65
14.8
19.81
21.1
18.24
18.21
14.76
16.39
18.64
19.28
14.33
17.83
18.1
17.9
14.61
14.58
15.08
16.79
18.16
22.96
16.72
17.03
14.17
19.47
16.2
19.7
20.21
17.56
20.18
18.94
18.58
15.41
16.0
17.38
17.12
17.28
20.02
20.76
23.65
21.19
21.92
22.27
20.08
20.49
22.33
14.91
15.97
15.18
17.9
19.52
19.52
17.52
17.12
16.71
18.51
18.04
20.15
16.89
17.24
15.5
17.3
17.65
18.49
16.86
18.5
15.88
18.5
17.08
16.84
19.3
18.04
19.2
15.63
17.53
18.15
15.26
15.01
16.52
21.16
14.49
17.27
17.28
20.03
15.45
17.5
17.92
17.9
14.91
16.85
19.81
19.59
20.99
15.09
19.39
18.77
18.91
17.8
16.35
16.25
17.05
17.62
19.78
20.74
20.8
17.18
18.83
19.66
15.76
16.95
20.9
15.51
17.23
17.09
100.29
120.16
70.04
28.2
24.09
30.21
35.59
37.94
93.5
92.15
51.14
67.4
67.02
38.45
49.43
56.28
50.87
47.07
60.42
46.38
29.9
39.52
34.55
22.88
25.13
17.62
20.45
18.11
25.62
22.17
29.19
23.07
31.22
22.53
34.9
32.89
40.17
32.87
46.27
40.58
34.56
23.93
26.62
31.08
27.0
30.26
24.24
33.69
22.3
36.41
45.31
25.14
28.59
36.49
53.14
45.21
30.45
42.39
61.37
27.25
27.79
35.94
27.31
34.03
26.13
36.53
25.64
41.67
30.42
51.04
33.67
44.8
27.38
39.24
36.5
47.85
31.91
37.45
20.81
31.08
23.79
37.56
26.72
45.44
40.23
46.12
27.76
35.65
26.67
44.13
46.08
66.65
60.73
70.12
26.8
36.37
27.6
25.41
33.64
25.44
28.61
22.8
27.69
38.31
45.76
38.41
27.44
34.12
47.42
30.82
20.79
27.26
29.66
28.68
24.06
33.45
37.98
23.22
23.17
36.53
33.0
35.42
26.67
27.35
29.85
14.28
17.62
15.71
23.37
16.17
17.64
19.83
21.64
21.23
18.24
17.48
16.46
19.41
19.96
18.38
24.11
18.44
19.14
15.74
20.57
21.53
19.21
14.78
19.28
20.27
14.2
13.72
14.46
14.26
16.01
19.1
17.46
16.07
17.59
17.73
19.41
21.18
14.55
14.47
15.09
16.46
17.94
18.76
16.35
17.19
19.57
15.6
16.85
18.99
18.44
21.29
21.8
14.29
17.6
18.81
20.86
17.73
19.58
15.97
15.66
20.41
19.84
15.02
18.4
19.0
18.91
17.41
18.71
13.97
17.41
17.94
16.43
18.33
22.01
22.76
17.79
14.58
19.09
20.36
21.19
19.27
19.26
20.8
18.42
18.13
17.75
18.94
17.33
18.47
17.77
19.08
19.52
21.88
17.16
20.46
18.13
20.31
17.39
20.04
20.16
20.77
22.77
22.79
16.82
15.88
16.43
16.19
15.3
15.66
17.08
17.97
18.91
19.23
18.41
18.63
17.15
16.97
15.48
17.56
14.72
16.15
18.51
19.5
17.46
17.38
19.24
21.02
17.43
17.55
14.77
15.13
19.78
20.15
18.01
18.32
18.62
20.06
21.29
21.8
17.54
17.66
19.8
19.88
19.88
20.38
18.39
20.02
16.67
15.76
19.21
18.7
14.86
19.51
19.3
21.13
15.08
20.27
21.93
21.03
19.64
19.44
20.18
14.19
15.65
20.07
20.46
18.95
15.8
20.42
21.65
17.95
16.41
19.83
20.45
17.86
18.08
20.28
21.86
20.2
17.27
17.53
14.96
17.9
15.85
17.02
18.18
19.28
19.34
21.33
15.6
18.18
15.24
20.88
14.2
19.15
18.65
18.84
15.03
17.52
17.25
17.81
15.74
16.22
18.78
19.02
19.96
20.62
21.77
21.63
15.24
19.97
21.1
21.35
16.34
15.43
18.68
19.89
18.58
19.45
20.59
17.21
15.62
20.33
20.36
21.04
16.34
16.72
17.44
15.42
15.84
17.12
16.75
21.57
29.81
22.06
23.28
24.37
23.97
14.49
14.68
14.92
20.98
21.65
16.4
17.51
19.74
19.58
26.2
15.89
17.29
16.91
19.63
20.09
20.08
17.84
14.7
15.31
16.22
20.2
19.97
21.57
14.81
18.35
20.05
22.38
23.16
19.75
18.45
15.74
17.15
18.37
18.8
16.17
20.28
16.76
17.89
14.6
14.09
16.79
17.17
22.64
23.09
16.17
21.47
14.55
18.67
15.1
17.95
18.93
14.41
19.74
21.04
21.29
19.57
19.89
21.95
17.54
20.05
18.5
25.54
24.31
23.47
20.02
15.32
18.95
20.21
20.81
20.78
15.66
17.71
16.59
19.05
21.27
25.52
19.18
19.91
20.06
20.4
19.8
21.74
17.31
20.63
15.8
16.1
17.11
15.78
17.99
18.97
19.47
20.04
20.71
19.71
18.97
21.21
20.35
17.49
18.77
18.72
19.2
19.55
21.68
18.98
18.89
17.73
19.66
20.5
17.01
18.86
18.68
21.43
14.12
20.83
18.69
19.07
20.37
14.92
19.88
19.04
18.93
17.02
19.19
22.03
19.38
20.32
17.48
21.37
17.14
20.68
21.17
22.81
16.44
19.78
20.1
16.26
18.46
