60.01
114.53
16.75
16.14
64.33
23.73
28.78
100.01
26.27
22.21
16.41
16.94
16.48
16.52
16.5
15.68
17.22
23.91
26.1
23.48
40.6
26.33
80.76
33.82
39.71
18.6
21.15
18.99
17.56
15.83
18.29
15.99
16.29
15.74
19.02
17.58
19.88
23.18
17.67
15.81
16.7
17.63
17.54
19.44
18.61
15.17
17.57
16.24
19.52
20.3
18.09
17.37
21.31
24.19
18.71
28.16
16.82
18.17
16.87
16.68
18.18
23.91
20.12
22.36
23.92
19.18
20.61
23.8
20.7
19.08
18.73
24.58
22.36
17.94
19.66
21.18
18.57
20.35
18.14
20.58
20.9
20.41
19.27
26.44
24.46
19.46
19.17
19.91
20.02
22.04
27.7
22.89
20.17
24.91
18.03
21.94
18.11
20.68
25.74
22.28
17.12
21.49
23.95
20.94
23.18
21.59
23.0
24.08
18.69
19.92
18.72
18.39
22.15
26.68
26.21
22.56
27.49
19.95
19.47
21.46
29.7
18.62
15.38
17.95
14.74
17.8
14.44
14.44
14.52
16.65
13.94
21.35
15.5
20.85
19.26
14.77
24.33
25.87
16.43
15.0
13.6
13.72
15.35
14.86
14.51
15.81
16.54
17.43
15.78
15.58
16.01
15.45
13.5
13.55
16.95
16.79
13.63
15.54
15.99
18.09
18.38
19.31
18.08
18.84
16.41
18.76
22.16
13.75
18.71
22.14
14.64
15.25
17.59
15.68
14.99
15.71
16.68
17.64
27.12
19.17
20.15
17.17
19.25
15.67
16.63
15.93
15.95
15.81
15.16
15.93
16.92
14.67
17.88
16.03
15.66
15.27
14.9
18.09
14.11
15.13
16.03
19.11
15.59
14.16
15.49
14.6
16.83
16.14
13.93
13.96
14.23
13.44
16.89
13.7
15.74
14.19
14.95
20.79
14.65
17.39
14.64
18.57
17.0
14.32
17.16
16.54
16.33
16.18
19.39
15.85
15.93
14.02
16.97
19.31
14.88
22.84
14.51
18.11
16.0
14.8
15.39
16.22
17.94
15.26
15.18
15.69
22.46
15.55
21.27
18.21
15.34
14.78
18.05
23.73
23.55
26.11
17.03
17.6
17.7
22.32
15.01
21.21
27.66
20.08
15.03
14.85
15.59
17.05
15.47
19.6
20.5
14.77
17.22
16.3
18.27
15.61
13.62
20.66
14.42
15.28
26.56
25.94
22.05
17.61
20.47
16.59
18.09
15.75
16.15
16.55
17.52
19.21
17.32
15.98
21.02
17.67
15.73
13.62
17.29
14.77
18.34
15.36
15.36
21.07
21.47
16.35
15.6
14.91
19.82
17.77
19.23
16.03
15.92
14.9
20.03
21.51
15.89
22.68
15.72
18.6
16.44
15.22
16.77
16.27
20.6
15.65
17.07
16.22
16.4
13.92
16.71
14.45
14.38
18.15
20.53
18.89
15.65
14.49
15.27
15.68
15.38
17.33
15.29
15.88
16.65
14.55
18.05
17.35
15.06
13.33
16.23
17.02
16.24
17.44
18.98
17.17
17.84
13.88
15.21
15.22
15.14
15.35
16.81
15.64
15.82
14.07
18.48
18.65
15.53
15.11
15.85
14.22
15.34
15.82
17.15
17.77
17.96
18.12
19.67
15.54
15.49
19.69
20.22
13.63
13.49
17.83
19.16
17.89
14.85
16.15
15.22
14.56
16.57
17.15
16.68
16.28
15.12
17.13
13.78
14.01
16.53
17.25
21.88
15.49
14.86
14.57
13.64
13.34
15.35
13.86
16.03
14.11
16.95
16.53
20.56
16.38
15.07
25.44
15.75
15.59
15.69
15.52
15.55
21.07
16.41
15.17
19.15
16.22
16.62
16.78
18.38
17.37
17.46
18.57
14.01
16.32
15.0
18.52
20.93
18.46
21.2
14.84
17.89
15.78
14.04
21.04
15.43
15.9
15.43
16.9
15.71
17.13
20.89
13.88
17.97
15.75
14.16
17.66
16.96
18.49
19.17
16.48
13.82
17.54
16.98
15.72
15.24
17.11
14.27
15.13
16.95
14.61
15.13
19.21
15.73
17.32
18.62
15.7
16.43
20.42
15.19
18.69
14.26
18.6
16.46
14.69
13.92
19.19
21.6
13.88
14.42
16.57
15.56
15.74
18.39
13.76
15.57
16.16
15.93
15.3
55.99
65.34
65.35
22.02
18.26
16.74
21.61
15.97
72.71
16.85
15.71
15.54
68.49
15.14
17.56
18.34
15.39
15.83
20.22
19.36
22.51
17.57
21.02
24.2
16.42
18.8
18.32
24.58
23.97
26.3
19.26
22.29
17.45
17.95
22.34
19.72
18.02
21.43
22.17
19.27
20.42
18.74
17.18
19.65
18.29
19.27
15.64
18.17
25.25
28.15
16.38
21.25
17.23
20.28
24.08
17.59
20.13
18.46
20.87
19.04
22.31
17.87
25.27
17.74
20.37
16.36
18.08
17.61
23.59
19.05
18.08
17.84
20.81
18.13
16.92
19.86
22.75
21.78
19.01
19.76
17.91
17.91
20.44
17.06
15.45
17.57
23.15
20.57
19.13
21.42
23.05
21.64
24.99
20.96
21.4
16.16
19.24
21.84
18.84
19.33
20.13
20.11
25.9
20.72
20.62
21.7
19.64
21.62
20.33
23.16
23.41
22.01
22.64
21.09
19.63
18.36
18.24
21.75
20.52
19.12
20.34
15.31
16.67
14.67
20.22
21.16
15.9
20.11
15.01
14.63
14.78
16.91
16.05
15.96
17.98
15.95
15.91
14.08
13.76
16.85
17.51
19.49
17.85
21.61
18.82
17.2
18.82
14.8
18.13
19.29
15.55
18.3
16.88
17.73
17.82
15.77
15.42
14.89
17.09
18.87
17.23
15.75
21.65
19.27
17.95
14.65
14.91
14.68
18.47
14.48
18.26
17.77
16.18
17.23
18.37
16.91
14.67
17.98
16.45
14.3
14.25
16.91
14.45
16.58
14.86
17.07
14.99
15.3
16.29
15.15
17.56
16.78
15.55
17.48
15.93
16.99
15.28
16.45
15.38
16.1
16.74
16.47
15.85
14.83
14.86
17.16
17.56
13.92
15.11
16.32
16.83
15.53
15.0
18.14
14.6
14.85
17.8
20.68
18.73
14.82
15.53
14.99
14.82
15.21
14.68
16.43
14.34
13.74
16.05
15.81
15.42
15.97
16.62
16.11
14.11
15.97
14.78
15.98
14.35
18.57
15.8
15.74
15.37
14.61
15.45
17.69
16.74
14.32
16.51
21.14
16.04
16.59
15.13
18.44
16.65
15.83
15.35
16.74
17.99
17.96
15.62
16.17
19.65
15.89
17.37
18.65
22.5
18.71
14.07
16.96
15.82
18.08
14.55
15.65
14.63
14.57
13.75
15.22
21.12
14.86
15.65
21.75
17.71
21.22
14.83
14.77
13.69
15.46
19.66
14.64
13.92
20.64
15.72
18.08
16.11
15.64
18.61
16.29
16.3
17.51
16.38
15.59
14.14
18.12
15.62
16.68
16.83
15.44
16.8
17.21
16.4
20.41
14.61
16.38
17.8
15.39
14.68
14.47
15.95
22.56
21.41
15.79
16.41
17.66
18.33
16.62
17.61
15.57
17.98
16.04
16.43
16.69
17.69
18.69
18.01
15.22
14.41
21.12
19.94
18.54
17.95
14.91
18.95
15.73
15.49
20.26
19.58
13.93
19.16
20.59
14.98
15.54
16.17
14.36
16.9
16.38
13.99
13.29
18.99
16.13
14.3
15.51
19.32
14.83
15.6
16.66
17.28
15.46
18.31
15.3
17.94
21.04
15.01
18.47
20.33
20.53
15.12
14.45
19.09
16.23
19.2
19.23
18.25
18.42
15.69
22.94
15.39
14.16
14.35
17.67
19.04
21.89
15.46
13.98
14.35
17.05
16.69
18.16
17.95
14.26
21.1
16.59
21.15
18.53
18.31
15.78
15.54
19.47
15.03
20.55
14.84
14.7
17.67
22.5
19.55
18.8
16.64
15.43
18.14
15.83
15.92
16.99
16.64
20.08
17.44
18.38
15.96
19.06
16.27
18.92
16.53
16.51
16.0
14.18
14.51
15.95
19.1
16.57
14.03
17.32
18.16
20.66
15.49
17.29
19.85
17.74
17.11
13.5
15.42
19.79
13.7
14.61
15.19
15.07
21.99
17.15
15.78
16.32
15.67
18.26
13.4
16.33
13.61
17.28
14.64
18.47
15.35
17.08
17.53
18.7
16.22
16.04
14.32
14.87
15.38
19.27
16.47
14.91
13.74
17.6
16.93
15.45
20.49
17.43
14.76
15.79
19.51
15.24
15.83
14.54
18.35
16.62
14.7
21.75
14.58
15.12
16.95
18.35
16.61
17.16
28.58
33.63
13.33
31.19
37.02
40.14
18.32
16.61
17.13
14.78
13.82
14.49
14.62
13.37
15.67
13.38
14.94
13.91
13.27
13.62
17.19
13.89
16.05
13.65
14.45
19.15
14.36
15.38
13.61
14.69
14.41
14.5
13.66
14.88
14.03
14.49
13.49
15.76
14.15
13.57
14.53
14.37
16.17
18.74
14.0
16.93
14.76
17.32
13.25
15.08
13.3
15.46
18.01
16.22
18.1
20.07
20.81
16.43
16.41
18.29
18.04
21.03
16.38
19.85
20.76
16.98
19.51
19.01
16.69
15.69
17.31
17.89
17.35
18.2
15.3
15.59
14.68
15.15
15.76
14.7
14.7
14.96
16.01
18.6
18.13
15.22
14.61
15.34
24.26
17.04
19.25
19.94
26.56
18.93
18.75
17.24
19.43
18.58
22.13
20.18
29.86
19.25
21.58
32.23
23.18
15.66
21.9
27.22
19.96
23.3
19.21
34.31
31.62
24.31
15.98
17.08
16.95
22.82
19.06
27.31
16.99
17.3
18.45
22.17
16.21
15.23
15.47
15.15
16.72
19.18
17.5
22.8
15.35
18.84
17.22
18.02
16.81
15.98
19.26
18.35
18.06
16.51
15.45
19.98
16.33
18.5
19.25
18.66
16.45
17.02
18.86
23.31
19.11
18.68
17.57
21.55
15.11
17.49
18.3
15.01
14.86
14.87
20.9
16.27
17.75
17.99
14.43
18.45
14.78
14.67
14.73
13.58
16.41
17.19
19.34
17.63
16.48
19.64
16.98
17.01
20.59
17.66
16.22
18.13
17.6
16.76
18.94
17.11
17.64
19.82
18.11
21.98
15.23
18.97
16.04
18.19
17.29
15.36
16.96
17.4
14.96
16.18
17.92
15.66
16.32
14.92
14.01
14.41
15.24
15.26
16.87
21.04
14.65
15.95
16.12
14.82
14.21
16.69
18.85
16.96
15.17
16.07
15.05
14.6
14.48
17.51
14.93
15.93
19.55
14.88
13.64
14.56
17.25
14.67
15.54
14.25
15.17
16.78
22.76
15.55
14.66
15.67
17.12
15.74
14.34
15.35
15.39
15.58
14.43
14.88
14.78
16.7
15.97
15.95
16.08
16.56
17.2
17.73
16.34
20.76
18.68
15.9
15.14
15.29
16.37
14.75
14.62
20.18
16.05
18.61
19.65
15.11
17.38
17.77
15.34
15.46
14.51
18.57
14.57
14.4
15.4
16.35
14.36
14.32
19.09
21.06
14.06
16.5
14.01
20.97
15.52
15.6
18.54
20.49
18.14
15.23
16.01
19.9
14.94
16.09
17.14
14.54
18.67
15.74
15.42
19.2
19.99
17.31
20.99
18.13
16.36
17.32
19.73
16.29
17.64
15.78
16.58
18.59
15.31
17.83
20.26
13.89
15.12
18.9
18.31
18.58
19.67
19.56
18.07
14.72
17.76
20.1
15.22
20.8
16.12
17.28
19.16
15.15
20.37
17.55
19.39
15.64
14.98
14.21
17.84
17.47
17.37
14.22
14.08
18.28
16.89
19.16
14.03
15.45
15.82
14.48
18.6
15.26
15.44
15.68
18.18
19.04
14.6
17.59
17.78
16.66
13.9
19.68
16.97
15.56
17.35
17.97
16.56
15.18
15.77
17.38
14.58
17.79
17.36
16.41
13.09
16.89
16.57
18.56
20.16
18.73
14.03
17.21
22.38
19.74
15.81
15.34
13.92
18.99
19.35
16.7
14.78
16.73
14.34
23.66
24.23
14.8
14.07
20.23
14.41
14.0
16.62
22.94
16.79
21.71
18.97
21.41
14.53
16.82
15.95
16.58
16.08
14.17
17.43
18.14
17.5
17.66
17.92
15.5
19.63
16.9
15.22
18.46
16.84
17.85
20.33
19.66
17.39
16.36
14.34
16.96
16.58
16.42
15.84
21.47
17.47
17.07
14.69
16.56
15.38
16.91
15.95
16.38
15.36
15.65
20.52
14.89
16.46
21.5
15.46
14.62
15.0
17.07
17.21
15.06
15.07
17.08
16.83
16.12
19.41
18.62
16.9
15.13
17.15
14.9
15.76
16.45
14.82
16.52
18.79
14.94
14.99
18.99
20.46
19.68
17.7
15.74
18.46
15.63
20.88
17.32
19.2
19.56
18.32
16.59
18.7
16.43
15.69
14.53
17.15
20.6
19.19
16.41
20.52
17.26
45.63
57.47
51.42
78.83
18.4
16.66
18.08
22.73
21.68
23.87
25.62
20.59
21.71
23.78
24.75
22.06
67.4
26.6
34.37
20.7
20.15
29.27
21.44
18.22
19.98
23.44
25.93
23.49
28.16
20.5
27.75
21.58
21.29
19.25
19.69
21.13
22.57
23.56
26.45
20.93
22.56
23.99
22.29
18.65
21.05
30.92
26.28
30.67
20.01
25.02
30.09
17.9
22.11
23.4
25.8
21.25
16.69
18.31
15.8
24.64
20.78
26.18
22.02
20.37
20.06
31.25
20.2
28.26
18.71
28.27
20.85
20.91
23.26
23.17
23.8
25.9
21.56
21.92
25.33
21.69
18.97
23.44
21.91
32.2
22.31
24.16
20.44
24.79
22.66
22.44
20.49
24.96
20.12
23.21
23.78
25.57
23.27
20.64
21.71
22.96
23.71
20.09
36.12
33.02
33.78
41.6
24.11
26.14
18.74
18.23
23.7
26.51
21.96
22.34
21.49
27.76
25.37
25.2
20.88
28.66
19.9
21.94
14.47
15.2
17.74
15.14
35.05
22.49
30.46
21.73
14.5
17.96
14.2
16.95
16.29
16.35
13.24
16.17
14.52
16.34
17.06
16.97
16.69
23.08
18.51
19.51
18.62
20.03
15.81
22.3
19.18
19.41
21.99
18.02
16.77
19.18
17.75
16.03
18.74
15.3
21.27
15.21
15.96
17.04
18.47
15.7
20.97
18.66
17.74
17.24
15.95
17.37
14.86
20.64
17.39
16.41
19.45
17.18
15.35
19.66
17.8
20.16
19.16
16.12
15.14
15.21
19.27
17.21
19.94
17.63
15.68
16.2
15.72
14.56
19.99
16.53
19.65
13.96
16.56
14.19
17.25
15.77
17.68
15.15
14.79
15.18
19.4
17.42
16.39
15.93
14.2
14.4
13.8
16.27
15.15
15.29
15.87
15.59
16.82
16.02
17.37
16.42
15.87
16.0
14.72
14.69
15.35
14.78
14.98
14.24
15.65
15.37
16.17
13.69
14.5
14.12
16.66
15.98
14.98
14.2
17.32
16.47
14.88
13.75
16.88
17.58
15.1
15.43
19.1
16.71
18.48
16.44
14.2
14.77
18.47
15.9
15.68
19.65
18.66
16.57
18.24
16.33
16.01
14.45
19.03
18.78
16.95
18.01
16.86
19.81
20.44
19.04
19.83
20.98
17.85
16.88
18.66
16.97
13.97
20.01
17.9
17.55
22.19
17.37
16.92
16.85
13.39
17.0
20.02
14.98
18.41
13.99
17.13
14.17
15.0
19.57
24.72
21.75
19.9
16.78
19.08
17.86
17.2
17.1
19.39
16.66
16.57
14.66
16.87
19.08
19.11
20.05
15.32
19.31
14.96
19.82
16.36
19.15
17.64
16.43
16.61
15.32
18.34
20.03
15.57
14.71
16.04
18.03
17.48
20.76
15.76
14.97
19.45
16.58
17.49
21.03
21.11
17.74
18.66
16.37
16.28
20.67
17.63
15.63
19.19
14.63
15.93
17.38
16.1
16.09
16.22
14.02
16.64
18.25
16.04
13.41
15.65
19.79
19.52
14.66
15.36
15.93
16.58
15.51
17.38
15.09
16.9
15.41
18.83
14.17
17.06
18.91
17.21
18.32
16.17
19.0
17.25
19.55
18.55
16.91
19.98
17.2
19.12
17.03
15.66
16.86
20.56
21.56
18.0
16.48
15.78
21.64
19.99
15.88
16.89
16.05
16.45
20.05
17.86
13.53
15.65
15.47
18.08
21.28
17.91
15.43
17.84
17.44
16.81
18.33
16.54
15.67
17.21
20.18
16.3
14.58
20.73
19.66
17.71
15.97
15.72
21.76
21.02
19.49
16.51
16.71
18.73
19.29
22.19
17.95
15.98
19.19
17.64
17.87
18.87
19.01
17.07
18.7
15.78
14.73
17.16
16.66
15.47
14.75
18.48
18.3
17.26
15.14
14.98
19.27
18.09
18.25
16.6
14.27
15.1
19.13
15.08
14.75
14.27
19.98
25.18
19.94
16.07
15.2
16.17
17.6
17.23
15.03
16.16
18.32
16.07
18.13
15.1
17.19
19.27
18.41
16.79
14.95
18.19
19.5
16.42
19.46
17.39
14.15
20.12
20.03
17.88
16.77
16.56
17.73
15.74
16.15
19.41
17.66
17.14
21.15
18.34
15.92
18.47
20.97
38.36
42.49
17.64
61.41
15.16
16.18
19.83
27.22
69.35
64.91
18.84
19.1
19.97
18.68
17.21
17.77
19.67
14.05
15.11
19.54
18.1
18.07
16.16
16.81
21.49
19.31
18.74
16.2
23.73
17.05
26.66
19.3
19.65
16.02
15.98
19.79
20.52
17.89
19.2
19.83
19.03
18.61
24.07
22.89
19.28
22.43
19.72
26.45
18.97
23.45
28.5
16.1
17.96
23.06
20.42
21.08
19.99
18.59
25.0
21.21
21.78
25.97
18.52
19.59
19.33
20.95
18.93
20.44
16.5
17.88
19.95
24.7
20.38
18.77
17.56
17.67
16.16
17.02
18.96
19.06
20.92
23.69
19.35
17.67
17.54
18.55
18.38
19.04
18.28
18.37
16.9
17.45
15.97
15.21
22.64
28.77
24.87
21.78
20.31
18.65
19.42
21.06
19.08
27.02
23.07
17.01
21.08
19.63
26.41
15.95
19.92
23.3
21.49
47.65
18.19
21.37
18.6
18.32
17.81
24.79
21.19
24.9
17.83
17.51
15.97
16.38
16.37
18.65
20.82
16.07
16.35
15.64
15.41
14.74
15.86
18.14
15.32
15.9
16.16
15.75
16.0
14.63
17.98
18.82
15.61
16.98
15.88
16.62
19.09
16.53
18.56
20.7
18.41
20.72
19.55
19.15
15.73
17.45
19.37
17.67
18.43
20.39
15.6
16.46
19.0
16.54
16.3
16.54
16.08
15.5
15.74
16.62
16.27
21.54
20.64
24.32
23.08
18.82
15.53
21.75
17.94
17.4
16.12
14.5
16.0
17.57
21.03
14.74
16.31
16.06
19.02
20.61
17.77
18.78
18.44
21.43
19.27
21.64
19.3
17.38
17.17
16.2
17.44
16.97
19.96
15.3
18.1
16.41
14.12
18.26
15.92
15.4
18.44
19.07
16.03
17.59
16.89
19.31
15.8
14.06
19.83
17.85
18.42
17.4
17.62
18.32
14.86
17.7
17.87
17.87
17.62
18.53
16.0
18.24
18.67
21.03
16.27
14.84
17.01
17.82
16.45
15.25
17.36
17.35
16.97
15.8
15.84
16.93
15.41
15.73
16.32
20.72
17.87
19.51
16.55
15.35
16.6
15.05
15.09
16.6
15.22
14.56
14.2
15.64
17.04
15.97
15.54
16.13
16.99
17.16
14.54
16.66
16.59
15.33
15.43
18.56
15.92
17.37
17.69
19.38
15.22
21.19
17.15
16.37
19.69
17.53
19.77
16.2
14.68
19.36
21.68
14.16
15.61
17.46
18.39
17.46
15.88
17.56
23.35
16.6
18.35
16.19
23.4
17.83
14.67
14.53
17.62
15.19
15.0
17.13
17.33
19.68
17.27
15.83
15.37
17.85
20.07
22.93
16.74
19.8
15.32
15.12
17.04
16.66
16.79
19.37
16.48
16.91
16.25
15.2
17.56
17.6
17.31
17.51
14.47
23.23
15.39
18.03
14.68
14.46
17.4
19.5
15.44
18.26
18.45
22.15
19.78
14.27
17.21
16.92
16.94
17.98
16.5
14.92
14.82
16.63
17.57
16.33
14.28
13.62
15.42
15.16
16.22
14.92
17.18
15.16
16.08
18.41
15.16
15.02
16.75
16.0
15.03
18.33
16.58
16.76
15.01
21.19
17.42
17.21
15.59
15.79
15.99
16.42
18.95
20.18
16.43
18.08
18.16
18.12
22.83
15.67
16.96
16.47
16.67
16.4
17.92
19.45
16.1
16.57
15.23
17.35
16.25
14.72
16.15
18.41
18.82
15.0
19.74
17.53
16.8
19.31
16.78
16.06
15.85
15.48
19.34
18.87
19.83
15.73
20.87
18.69
17.89
17.24
19.32
19.01
19.79
22.45
20.15
21.36
16.07
14.21
18.72
17.99
16.06
17.05
15.91
20.17
21.77
16.25
14.65
17.99
19.39
16.6
17.79
16.49
19.37
14.44
16.28
17.06
19.62
17.55
15.65
17.6
17.46
16.1
15.95
15.28
17.57
16.95
14.63
17.49
20.32
15.1
19.84
19.51
15.92
14.41
20.0
17.27
15.71
16.14
17.43
15.88
17.78
17.05
14.92
17.48
15.65
20.04
16.84
17.15
17.05
19.03
19.8
17.37
16.24
16.27
16.83
17.2
15.66
17.79
15.21
18.78
20.67
17.72
16.96
19.48
17.57
17.05
47.46
45.45
19.4
43.96
18.24
16.41
46.1
18.69
20.73
52.62
19.06
20.41
17.29
19.33
14.8
15.3
13.65
17.04
17.03
13.6
15.24
16.07
13.74
16.54
15.77
14.88
14.47
14.27
16.61
15.15
20.55
16.35
17.91
21.43
19.49
19.62
20.12
16.1
15.3
16.99
17.98
15.68
19.43
24.43
20.31
20.9
18.95
23.72
17.44
22.01
24.41
16.38
18.52
22.57
17.57
16.09
18.03
20.48
24.05
16.24
16.48
19.96
17.89
19.87
16.43
18.05
16.13
15.87
15.91
15.43
15.68
17.01
16.52
15.57
17.84
18.04
16.83
16.17
15.47
15.27
16.63
16.39
18.36
18.95
17.78
20.15
20.07
21.2
19.08
20.81
19.76
21.75
16.99
17.39
19.77
31.94
17.27
17.42
19.35
19.27
18.17
21.0
19.2
38.4
34.33
19.56
20.23
20.92
22.79
19.0
20.64
24.97
22.44
18.94
18.36
18.78
19.07
24.25
35.0
40.99
28.7
28.25
19.34
21.16
21.26
16.53
18.14
16.39
23.92
17.05
14.25
14.06
16.03
16.42
16.28
16.72
15.57
19.24
16.36
19.27
16.69
18.34
17.5
19.08
20.11
22.89
20.35
16.88
15.77
17.1
20.98
20.21
20.7
15.45
17.82
20.56
16.74
20.14
19.61
16.3
18.94
16.23
16.64
17.58
26.42
14.23
21.49
21.12
16.15
16.06
18.24
16.35
18.2
18.23
21.27
22.23
22.57
21.25
20.56
22.84
18.57
20.02
19.05
16.26
16.49
18.92
17.83
15.42
17.04
18.11
17.25
18.51
18.67
15.48
20.79
19.78
19.49
16.89
15.44
19.16
14.12
15.93
18.57
18.08
19.29
18.99
18.4
17.15
20.2
20.21
14.86
15.47
15.75
17.64
15.87
14.63
17.34
17.07
15.89
16.74
17.65
17.75
16.89
15.41
17.26
19.78
15.44
15.89
20.77
23.46
18.11
19.48
17.11
16.49
17.46
18.21
13.99
15.33
17.77
18.85
14.16
16.61
16.34
16.36
17.85
17.13
16.76
16.37
15.06
16.8
20.31
20.09
18.83
18.1
14.44
18.22
18.03
20.32
16.65
17.04
18.3
18.08
17.14
18.21
17.66
17.74
17.88
17.3
16.19
17.52
17.89
17.82
19.63
14.95
14.94
16.02
15.57
17.07
18.47
19.35
15.69
18.14
20.4
17.87
18.23
16.37
15.51
16.93
14.63
17.42
17.91
16.1
15.79
18.21
17.03
17.11
18.45
15.38
20.94
16.73
13.74
14.84
16.72
13.64
16.88
16.63
15.39
16.02
15.85
14.26
16.91
18.31
13.74
17.2
19.69
19.81
14.04
14.91
15.98
15.62
16.3
15.51
19.1
14.62
15.59
17.28
16.03
18.44
18.8
16.14
18.24
18.75
16.82
16.99
16.41
14.37
14.8
15.83
14.01
14.41
13.38
15.61
15.52
14.66
14.79
15.78
13.98
14.6
16.48
20.72
15.84
17.85
20.37
17.35
19.12
15.51
17.21
21.34
15.19
15.58
16.31
21.42
15.48
17.07
22.03
16.91
15.68
16.4
16.08
17.15
16.21
16.22
13.53
17.48
22.19
21.75
15.61
19.39
18.57
16.16
17.59
16.45
18.22
18.78
18.51
24.92
15.33
15.92
16.08
18.7
22.24
16.69
16.6
17.82
17.77
18.84
18.43
18.48
17.59
19.09
21.57
18.91
21.15
16.35
15.41
21.91
22.75
16.24
17.03
15.15
16.27
18.06
21.46
23.56
19.28
16.83
16.7
22.23
17.71
18.52
21.72
18.44
16.22
16.6
20.34
23.23
20.64
18.22
25.77
18.17
17.09
20.68
23.53
13.42
20.27
19.31
15.81
15.26
21.25
16.64
19.95
16.38
14.73
13.86
14.56
17.71
18.62
14.8
16.32
15.9
14.77
15.28
15.94
17.93
20.03
17.73
16.35
16.9
18.63
18.9
15.93
14.43
16.01
16.71
21.17
22.45
17.71
15.1
20.42
18.07
16.75
17.47
17.13
18.33
17.02
17.64
14.73
21.29
24.05
24.13
22.31
18.41
17.4
20.01
16.73
17.91
18.82
20.21
20.63
18.2
16.48
18.04
17.73
16.12
21.14
16.81
18.85
17.48
17.42
16.62
41.2
43.26
20.51
71.54
21.81
21.17
18.31
70.07
72.88
20.53
20.81
20.05
15.9
16.8
18.75
17.21
18.96
21.29
19.18
18.49
18.78
16.62
21.25
20.4
18.24
20.9
21.89
23.62
20.33
22.34
18.8
21.95
21.66
22.53
21.54
24.65
18.04
16.81
16.52
17.94
22.24
20.24
22.02
18.75
19.36
20.3
19.28
21.82
20.22
20.74
20.27
18.12
18.83
19.34
19.55
17.52
19.19
24.33
20.9
20.16
22.46
21.07
23.38
21.92
23.73
17.36
17.68
20.61
21.32
20.35
24.23
21.06
26.47
20.93
24.49
18.32
22.82
21.18
24.78
22.29
25.67
22.51
49.25
55.63
23.75
31.48
21.86
25.62
17.89
20.14
19.49
21.28
20.79
21.23
18.32
20.64
23.25
24.48
23.3
22.28
23.5
25.0
33.18
18.81
18.65
20.55
23.27
19.77
21.99
24.76
21.95
29.4
21.78
25.84
23.18
21.69
20.55
23.79
19.39
19.68
25.24
23.39
16.35
18.44
23.0
22.5
17.26
17.81
15.7
19.48
19.05
19.75
20.11
16.36
17.3
17.31
16.75
19.35
16.07
16.95
15.62
16.84
20.46
21.03
17.9
17.57
23.3
20.98
18.24
19.54
22.28
24.03
20.37
18.8
18.84
20.29
15.57
16.06
17.23
18.96
16.53
17.48
16.54
16.99
20.37
18.01
21.34
18.55
15.86
16.65
16.87
21.17
20.63
20.1
17.24
17.56
18.53
17.33
18.76
20.67
16.86
18.48
20.12
19.23
17.37
16.03
16.3
20.51
17.69
17.94
17.16
20.42
19.81
19.59
17.91
17.31
17.65
16.93
18.08
21.12
18.72
20.66
17.42
18.48
20.74
22.89
24.16
15.72
16.28
16.55
17.07
16.66
17.35
16.28
19.95
16.52
16.69
19.61
19.67
15.63
15.56
17.98
21.19
15.37
17.78
16.18
17.46
16.02
17.27
17.17
13.97
19.22
18.97
14.41
14.72
18.1
19.15
15.66
14.29
16.81
18.67
16.7
16.14
18.96
19.17
16.6
20.02
17.48
17.02
17.15
17.97
16.13
17.48
18.03
18.78
17.43
17.96
18.37
18.44
16.84
15.49
17.19
17.28
16.92
18.55
18.14
18.04
17.32
17.71
19.38
19.19
18.64
18.25
13.74
14.05
14.95
16.61
15.14
17.13
18.43
17.03
19.89
18.51
20.97
18.44
18.12
18.91
18.67
18.93
15.17
18.28
17.65
17.27
17.33
19.55
20.19
18.47
17.58
18.74
19.78
18.1
16.9
18.45
15.97
19.01
16.54
17.19
17.89
17.7
16.55
16.47
17.04
18.09
17.66
17.43
15.19
16.97
17.84
18.77
17.97
15.24
16.35
16.39
17.87
16.66
20.37
20.9
19.12
19.82
20.19
18.3
18.06
17.74
16.57
14.92
16.89
15.79
17.73
21.09
18.6
17.09
19.15
20.95
17.11
16.63
18.84
18.69
18.47
17.18
18.43
17.43
14.68
19.26
17.93
21.27
17.24
14.76
16.18
16.24
15.36
16.34
16.22
16.29
16.26
17.69
13.82
18.15
18.28
17.02
18.86
16.38
15.68
17.1
17.02
15.69
17.1
18.43
17.91
16.4
17.15
19.15
16.87
16.63
18.6
18.9
16.77
20.43
22.12
18.31
18.84
16.93
15.82
18.24
21.79
16.15
18.26
17.76
20.14
21.58
18.04
16.59
17.96
19.72
21.57
16.11
23.64
18.54
15.15
15.66
20.61
21.2
17.1
17.83
19.41
19.7
15.19
17.91
19.29
19.16
18.64
18.62
22.56
18.47
21.23
17.83
18.45
15.42
18.68
18.62
18.28
16.83
17.41
18.84
19.67
19.25
20.05
17.35
18.16
17.9
20.5
16.44
17.61
17.22
17.41
17.23
18.34
17.94
19.55
16.83
19.27
18.48
21.05
18.19
18.14
17.23
16.83
16.38
18.64
17.91
17.87
17.95
18.43
21.08
15.51
14.86
15.9
18.82
16.56
19.36
18.02
17.67
18.21
18.71
16.78
18.88
19.11
19.47
16.45
19.76
20.08
19.9
18.68
18.02
15.64
20.89
20.82
17.33
19.25
15.62
16.53
16.3
17.31
18.47
17.23
19.92
16.92
19.94
21.9
22.19
23.39
37.96
42.59
17.13
52.27
17.69
24.35
22.6
23.43
70.05
74.94
22.69
22.89
20.05
25.19
20.28
21.28
15.72
14.76
17.66
14.57
14.47
16.85
15.34
15.88
15.39
14.74
15.61
14.58
16.56
17.46
18.53
19.49
22.63
15.6
18.11
17.94
21.56
18.13
22.68
24.08
19.39
18.36
27.65
32.47
17.27
19.92
18.0
22.41
16.45
21.93
24.08
16.8
18.49
23.11
20.68
17.64
17.65
20.59
26.18
21.68
22.77
25.9
23.18
28.63
20.01
25.46
20.61
23.15
17.49
22.42
21.32
24.19
22.93
29.62
19.06
22.55
22.51
26.49
22.59
26.98
20.69
25.66
20.81
24.83
19.25
21.88
22.49
25.7
24.99
25.22
22.67
27.48
20.68
22.12
21.22
22.28
23.88
24.89
25.65
23.25
23.53
19.33
25.91
27.76
32.82
20.34
22.53
26.84
31.22
20.68
25.58
29.32
28.34
21.49
24.87
29.25
23.16
24.78
20.88
26.13
23.13
25.75
18.0
17.19
18.4
18.22
18.1
16.81
19.66
14.55
17.74
18.65
14.66
14.33
19.49
23.98
17.36
18.65
20.04
18.02
21.67
17.97
16.81
17.28
21.03
22.15
23.24
19.54
17.4
20.29
19.92
18.66
23.98
19.3
20.41
21.58
16.36
21.28
20.0
19.25
19.78
19.94
21.92
20.71
22.41
18.79
18.1
30.79
20.53
20.44
20.71
14.65
15.57
15.48
18.18
20.08
18.63
19.38
19.55
21.37
23.36
19.13
21.47
16.58
18.11
18.85
19.45
16.52
18.39
18.23
22.78
17.13
16.46
14.96
19.72
19.6
20.66
19.46
16.71
19.57
14.71
18.87
19.7
18.99
22.68
20.31
19.92
21.22
19.53
24.21
17.89
17.63
19.95
20.94
23.37
21.24
20.79
21.11
16.27
17.35
16.94
21.4
18.72
17.92
19.89
19.06
15.94
17.21
15.85
15.14
22.46
26.08
18.44
21.19
19.89
19.84
18.62
20.61
16.13
15.85
14.71
20.43
21.36
28.11
17.13
18.56
18.11
17.65
21.43
20.23
16.05
17.43
15.7
17.31
17.44
18.45
16.72
18.25
19.57
19.42
17.84
18.76
19.82
20.86
18.42
19.42
19.64
19.23
19.02
17.9
18.91
19.06
18.94
14.15
23.9
25.21
20.63
19.02
16.89
24.05
14.15
18.89
21.54
18.41
19.5
19.13
18.72
20.94
16.38
20.47
20.27
18.45
15.19
19.23
21.47
18.11
18.03
15.14
18.6
14.19
15.28
18.32
18.16
18.32
19.9
21.07
14.7
21.71
15.87
16.17
20.37
21.63
19.58
18.63
15.05
15.77
16.71
17.04
13.13
15.89
19.25
19.89
14.8
19.19
17.71
17.62
14.35
15.05
18.22
18.46
17.63
19.79
19.22
19.8
14.32
22.15
16.58
17.98
15.57
14.59
18.69
18.35
15.88
20.01
19.54
22.81
19.87
19.4
19.5
18.19
13.67
19.37
22.33
16.05
14.69
18.12
16.59
21.42
19.14
15.55
17.7
18.6
14.82
16.64
20.8
19.41
16.7
18.77
14.35
17.4
17.14
20.49
16.53
20.61
20.38
18.81
21.25
19.58
18.3
21.44
16.65
18.95
19.33
16.78
21.48
19.75
20.15
18.73
18.17
21.66
28.75
17.76
19.53
15.55
16.72
18.17
19.15
13.8
19.79
17.25
17.44
14.97
14.97
17.01
17.64
22.93
24.4
18.1
16.12
14.72
15.56
14.98
19.42
21.07
15.39
19.36
21.9
20.09
17.42
19.17
19.28
21.11
19.3
22.56
20.7
20.97
23.67
19.39
23.82
25.85
20.43
21.34
20.45
16.99
22.07
20.16
16.01
15.55
22.06
17.35
20.32
19.4
18.04
14.75
17.1
14.91
15.82
19.01
19.02
16.66
19.21
15.66
14.76
19.16
15.85
17.49
21.87
18.81
20.49
19.25
15.08
16.77
18.35
20.03
21.19
19.13
22.77
14.26
19.78
14.29
20.66
15.73
16.58
19.47
19.62
14.65
17.63
21.53
21.0
25.9
20.9
19.63
20.02
18.58
17.55
17.08
19.27
17.79
20.71
18.66
18.76
16.06
19.94
18.99
19.69
16.44
18.53
20.66
16.88
16.48
38.28
41.45
53.81
53.24
17.16
17.87
20.82
15.81
19.66
14.98
19.21
20.34
14.34
54.9
14.45
17.27
18.36
14.51
15.34
17.76
19.12
20.06
15.76
18.34
18.88
18.42
19.8
16.75
18.14
14.45
21.01
22.05
26.54
17.8
19.43
20.04
21.35
19.67
19.86
15.65
15.37
20.11
20.44
23.8
23.2
27.27
20.45
22.77
19.12
22.09
25.85
18.9
23.14
28.39
17.32
16.0
17.64
17.69
18.93
21.47
18.21
23.58
19.54
22.91
20.02
22.27
18.6
26.4
16.61
20.36
21.24
19.64
18.86
24.15
15.39
16.94
19.15
24.79
21.3
27.98
18.42
22.84
19.25
24.76
16.55
17.84
28.01
30.23
19.03
19.67
20.01
23.61
18.05
21.88
22.6
25.87
22.24
18.77
20.11
20.58
18.94
18.71
18.03
21.71
22.11
23.73
20.1
27.71
28.69
19.02
21.94
29.0
16.69
21.19
19.76
20.65
17.65
20.69
18.18
17.89
19.99
19.08
17.27
15.13
18.79
18.93
19.3
18.41
26.83
17.34
19.04
20.54
18.75
20.4
17.15
18.4
14.52
18.06
18.26
17.06
17.58
18.46
19.18
15.14
17.37
18.74
18.04
17.77
17.11
19.83
19.0
20.25
19.06
17.22
16.98
18.47
18.44
18.81
20.4
16.18
16.2
17.76
19.43
19.12
20.77
16.48
15.59
15.87
15.38
15.54
17.95
18.9
19.55
19.63
18.6
19.22
16.72
18.86
20.79
16.07
19.34
18.6
14.43
16.2
19.21
18.97
15.3
17.81
17.92
20.04
16.07
17.43
13.65
20.44
19.74
18.11
16.84
17.86
19.4
13.97
15.16
18.13
17.92
22.54
15.65
17.4
19.53
20.1
21.62
17.26
17.67
16.75
20.29
19.59
19.97
19.01
19.93
14.79
15.74
18.91
20.46
16.19
18.48
18.8
21.46
14.26
17.24
18.9
19.79
17.48
16.61
16.72
16.7
17.79
21.54
17.96
17.17
17.16
19.24
16.12
17.1
17.02
17.64
18.44
22.77
19.02
19.5
18.4
18.86
15.63
18.76
19.1
17.63
15.87
17.32
20.33
19.19
16.75
16.73
17.49
18.43
18.83
18.34
17.65
18.09
16.14
18.26
17.43
16.98
18.27
19.07
21.03
16.42
17.13
16.44
17.4
19.1
19.34
19.32
15.53
18.32
19.12
18.18
16.91
16.74
19.12
17.34
17.43
18.17
19.25
14.64
16.33
18.98
19.64
17.96
18.65
20.57
20.63
16.62
14.07
21.75
21.8
17.1
17.53
20.26
15.6
17.36
16.2
18.07
18.62
19.27
17.4
19.3
15.43
16.92
16.16
20.16
13.98
16.9
16.43
16.83
14.91
16.97
17.88
17.53
15.04
15.8
15.69
15.95
15.63
16.61
17.84
18.84
16.56
21.76
17.2
17.34
14.11
15.67
17.93
20.52
15.02
19.25
18.23
19.97
19.32
17.94
17.42
16.94
17.18
16.15
17.46
13.91
15.12
17.3
17.63
19.74
17.39
17.19
17.65
17.2
16.45
15.9
18.57
17.81
16.19
18.22
14.94
17.86
18.48
19.72
13.88
17.9
17.43
22.79
19.77
19.35
20.62
15.56
17.71
16.84
20.82
22.1
19.93
20.31
21.0
16.76
18.3
19.82
21.81
16.76
16.59
16.51
16.42
18.18
19.09
15.1
15.23
18.45
21.84
17.86
14.4
15.64
16.27
20.41
21.32
15.17
20.26
14.36
15.15
16.87
20.84
21.69
16.82
17.99
19.95
19.69
15.87
16.5
16.75
19.37
19.67
21.5
18.18
22.44
19.74
31.13
15.96
17.59
19.26
19.46
16.89
14.78
15.55
16.51
16.81
17.13
20.05
19.55
20.77
17.34
19.63
18.71
20.37
16.64
18.0
16.78
18.68
17.11
19.42
19.48
19.17
20.44
19.24
16.65
15.9
17.77
18.84
17.39
16.5
17.15
16.75
18.57
17.48
17.76
16.73
16.14
16.57
16.62
15.26
14.52
15.49
17.36
17.89
16.62
16.65
19.27
18.85
18.34
15.39
18.84
20.73
23.16
21.42
16.15
17.81
15.32
15.72
16.84
16.09
16.72
20.12
20.49
20.37
18.55
18.32
20.46
19.11
19.74
20.92
71.49
75.08
78.55
22.35
21.55
25.4
20.96
24.22
83.36
32.05
36.9
34.13
39.37
132.78
29.19
47.47
40.86
41.65
45.56
71.46
90.84
92.89
80.76
17.42
19.2
20.18
20.68
20.71
24.79
20.03
23.27
20.38
25.02
17.07
21.29
17.92
21.53
18.14
22.71
18.03
21.15
21.2
22.08
25.66
20.99
22.3
18.93
21.64
20.22
21.54
27.09
22.31
22.13
23.47
20.32
18.18
21.06
23.43
29.85
23.41
21.73
27.78
22.02
29.66
20.74
25.19
17.77
26.45
17.91
23.02
23.38
27.74
23.12
28.49
21.71
23.91
19.06
24.08
22.67
29.4
22.67
26.66
22.94
28.58
20.24
23.0
18.42
21.61
21.96
27.42
22.16
25.72
19.19
25.92
20.1
27.07
24.49
20.84
21.7
26.81
22.3
18.2
20.77
26.9
31.15
18.19
19.19
22.51
27.1
18.75
27.85
36.17
27.27
39.05
21.39
28.29
26.21
16.61
15.88
17.56
20.33
21.29
20.19
20.85
22.97
15.99
19.02
18.02
20.69
16.12
17.34
18.12
17.65
18.15
17.54
20.09
17.76
19.27
21.32
19.1
21.6
19.51
18.63
17.58
20.08
21.26
15.38
18.34
17.03
19.34
17.8
19.43
20.95
18.83
20.44
21.68
18.61
19.47
18.71
17.22
20.83
20.92
17.5
19.03
20.6
15.2
16.25
17.68
16.9
16.73
17.96
17.27
16.6
18.71
17.13
19.25
22.08
17.67
17.17
19.8
16.34
19.12
18.67
15.53
15.52
19.27
18.68
17.78
16.39
18.68
18.51
16.31
20.94
16.67
18.58
19.69
15.86
16.23
17.4
19.54
15.7
14.58
18.41
20.38
20.42
14.2
16.83
17.04
18.12
19.49
14.68
17.98
16.49
18.52
16.36
17.51
18.64
18.32
16.53
16.89
17.58
18.51
19.4
19.93
18.85
19.22
15.99
16.34
16.05
17.8
16.96
17.32
15.28
15.72
16.54
17.25
15.02
18.58
16.71
19.34
15.12
16.48
16.83
16.34
16.83
18.65
17.19
17.17
17.36
18.11
13.97
14.25
15.35
16.44
15.58
15.62
17.32
18.83
16.52
18.57
18.91
19.16
15.87
17.34
16.71
17.43
16.9
18.38
15.21
16.56
15.11
18.73
17.68
15.37
14.97
16.64
13.58
15.64
14.18
14.78
13.94
18.57
20.02
16.85
17.8
16.22
16.23
16.36
14.43
16.49
17.73
15.7
16.91
17.32
19.21
15.52
14.88
17.37
18.05
16.74
17.17
15.75
16.48
14.68
14.68
15.41
16.89
15.82
16.51
15.37
16.74
17.07
16.06
16.44
17.86
18.7
20.44
21.0
19.66
14.02
17.44
17.75
16.09
15.2
17.68
20.07
16.76
18.35
15.46
17.2
19.52
20.03
16.71
16.15
15.99
18.59
15.51
15.67
17.13
14.64
16.93
19.0
15.4
19.19
20.84
20.75
17.32
16.19
16.53
20.13
16.3
15.91
16.02
16.91
18.93
15.66
16.26
16.09
14.45
16.29
19.44
21.8
15.18
16.52
17.08
15.66
14.98
15.56
15.9
16.2
16.15
19.3
16.08
18.8
19.94
19.58
17.27
20.43
17.23
17.63
16.84
18.19
19.07
16.24
20.53
17.75
18.46
14.27
15.61
16.3
20.12
15.48
18.94
14.33
15.7
17.14
17.04
14.17
18.91
16.36
16.34
14.02
17.42
16.12
17.96
20.65
22.51
15.26
16.88
14.24
18.25
16.56
19.06
19.04
17.91
17.56
18.17
26.35
15.81
15.05
16.45
18.05
18.64
17.38
19.04
18.41
18.98
19.53
21.17
14.02
15.83
18.44
16.02
16.87
17.52
17.54
17.14
18.09
18.33
18.46
19.38
21.0
15.85
16.47
17.91
17.73
16.0
17.48
18.17
19.23
16.36
19.3
17.17
16.31
16.69
17.01
16.69
17.42
16.31
16.26
17.2
16.83
20.76
19.85
19.91
16.95
14.25
15.99
19.81
19.45
14.33
16.77
15.22
16.61
17.83
15.07
18.93
20.57
19.16
16.15
16.95
17.81
17.58
16.35
16.35
18.29
16.12
16.7
17.94
20.83
18.37
15.67
16.22
18.5
15.93
17.48
14.14
16.81
19.23
20.77
