42.09
38.01
19.61
26.33
23.89
32.08
21.41
57.65
72.75
64.1
24.27
22.93
18.46
23.4
19.32
22.76
18.85
18.43
20.32
19.74
19.17
21.49
17.49
20.93
22.97
19.19
19.92
20.54
21.95
21.53
22.28
18.43
21.25
19.8
30.36
30.07
30.47
15.92
24.9
21.42
17.59
22.44
20.94
23.73
17.26
21.98
20.97
23.29
17.15
21.97
25.22
16.24
22.46
25.66
17.02
17.16
17.56
20.63
19.6
20.34
18.67
21.0
19.61
27.17
20.39
28.67
19.01
24.48
17.58
23.77
19.03
25.83
21.56
22.97
18.29
25.07
31.65
35.43
20.42
22.17
25.48
34.66
23.46
31.78
25.11
30.03
28.59
35.33
24.22
33.19
21.55
27.83
21.89
26.21
25.16
42.81
24.45
22.82
24.11
36.46
26.09
27.53
24.19
35.37
45.3
41.21
25.9
46.43
51.44
27.92
29.02
38.98
34.44
25.03
23.89
44.24
39.98
20.4
37.25
50.96
29.77
19.17
16.82
16.71
15.02
14.03
17.9
18.24
35.24
36.47
15.27
17.86
24.35
26.83
18.09
19.75
13.64
17.32
17.06
18.33
18.78
14.3
17.69
15.86
14.51
15.84
15.94
17.38
16.58
16.19
17.96
16.82
16.8
13.71
15.57
15.7
19.15
17.59
18.73
14.16
15.05
14.53
17.21
17.09
17.1
16.18
16.82
17.45
15.65
14.05
16.69
17.14
16.92
20.87
16.67
18.65
20.09
15.6
15.2
20.81
19.71
19.8
19.4
14.72
14.43
16.2
18.54
14.88
17.27
15.69
17.06
16.35
15.83
14.14
14.6
16.65
15.73
16.62
14.29
19.07
15.09
16.13
18.68
16.57
16.89
16.58
15.99
15.98
22.9
22.36
15.94
14.86
15.48
14.32
16.52
15.3
15.67
16.94
15.6
15.83
16.08
17.98
15.13
16.01
17.21
19.47
14.64
15.91
15.21
16.0
16.31
16.09
15.25
15.64
15.49
17.13
17.9
18.43
15.62
17.0
14.99
13.81
17.75
15.58
19.6
19.24
18.1
18.87
18.37
17.03
16.29
17.74
18.38
19.06
15.02
15.26
16.79
15.9
16.82
18.43
17.61
16.79
17.04
18.61
16.91
21.01
16.86
18.95
16.22
15.56
16.92
18.33
17.97
18.04
14.98
22.08
14.42
16.47
17.14
15.06
15.77
19.02
18.16
19.11
21.75
19.45
18.27
21.24
15.38
17.68
16.82
15.91
17.49
17.75
20.28
14.94
13.51
17.53
20.09
19.99
16.85
20.41
19.89
16.61
17.84
22.09
15.38
15.92
16.75
15.39
20.69
20.43
14.97
13.99
15.95
17.02
16.83
19.55
13.66
17.96
16.49
17.94
14.44
17.47
14.39
15.64
13.33
14.88
17.34
16.66
16.59
16.53
16.35
15.44
14.75
16.31
19.41
23.6
18.06
18.42
15.46
16.14
15.74
16.12
16.25
19.08
16.05
15.52
16.51
16.94
18.37
15.67
16.1
13.63
15.46
16.85
20.63
21.56
18.59
15.99
15.13
18.39
16.29
17.11
17.33
14.45
14.97
16.21
14.66
15.39
13.89
15.4
15.63
15.32
14.93
15.11
16.54
20.5
19.66
16.24
16.62
17.99
17.55
15.82
20.35
18.71
14.84
15.78
15.59
16.9
18.43
16.2
16.65
15.08
16.69
14.93
20.27
15.59
18.87
17.37
15.62
16.09
14.5
15.41
15.48
20.56
22.3
15.64
15.22
14.75
19.87
15.15
18.16
19.16
15.9
16.24
20.39
17.82
14.98
15.76
14.9
14.99
17.18
19.39
17.79
15.97
16.43
20.9
15.79
14.16
14.29
18.62
19.09
15.1
14.91
14.18
16.84
19.78
21.34
15.55
15.19
15.5
17.48
14.47
15.81
18.07
21.36
15.91
15.23
14.98
15.18
16.75
16.19
16.78
18.9
16.22
17.27
15.6
16.15
22.33
14.64
19.76
20.04
18.27
18.8
19.62
14.49
14.53
15.21
18.47
18.37
16.21
16.09
16.9
16.43
17.37
15.67
17.65
16.91
18.86
17.2
18.42
17.48
18.53
14.69
17.23
17.95
16.34
18.34
15.65
24.3
17.87
16.75
16.3
15.78
15.76
13.64
15.87
16.16
17.33
