38.36
42.49
17.64
61.41
15.16
16.18
19.83
27.22
69.35
64.91
18.84
19.1
19.97
18.68
17.21
17.77
19.67
14.05
15.11
19.54
18.1
18.07
16.16
16.81
21.49
19.31
18.74
16.2
23.73
17.05
26.66
19.3
19.65
16.02
15.98
19.79
20.52
17.89
19.2
19.83
19.03
18.61
24.07
22.89
19.28
22.43
19.72
26.45
18.97
23.45
28.5
16.1
17.96
23.06
20.42
21.08
19.99
18.59
25.0
21.21
21.78
25.97
18.52
19.59
19.33
20.95
18.93
20.44
16.5
17.88
19.95
24.7
20.38
18.77
17.56
17.67
16.16
17.02
18.96
19.06
20.92
23.69
19.35
17.67
17.54
18.55
18.38
19.04
18.28
18.37
16.9
17.45
15.97
15.21
22.64
28.77
24.87
21.78
20.31
18.65
19.42
21.06
19.08
27.02
23.07
17.01
21.08
19.63
26.41
15.95
19.92
23.3
21.49
47.65
18.19
21.37
18.6
18.32
17.81
24.79
21.19
24.9
17.83
17.51
15.97
16.38
16.37
18.65
20.82
16.07
16.35
15.64
15.41
14.74
15.86
18.14
15.32
15.9
16.16
15.75
16.0
14.63
17.98
18.82
15.61
16.98
15.88
16.62
19.09
16.53
18.56
20.7
18.41
20.72
19.55
19.15
15.73
17.45
19.37
17.67
18.43
20.39
15.6
16.46
19.0
16.54
16.3
16.54
16.08
15.5
15.74
16.62
16.27
21.54
20.64
24.32
23.08
18.82
15.53
21.75
17.94
17.4
16.12
14.5
16.0
17.57
21.03
14.74
16.31
16.06
19.02
20.61
17.77
18.78
18.44
21.43
19.27
21.64
19.3
17.38
17.17
16.2
17.44
16.97
19.96
15.3
18.1
16.41
14.12
18.26
15.92
15.4
18.44
19.07
16.03
17.59
16.89
19.31
15.8
14.06
19.83
17.85
18.42
17.4
17.62
18.32
14.86
17.7
17.87
17.87
17.62
18.53
16.0
18.24
18.67
21.03
16.27
14.84
17.01
17.82
16.45
15.25
17.36
17.35
16.97
15.8
15.84
16.93
15.41
15.73
16.32
20.72
17.87
19.51
16.55
15.35
16.6
15.05
15.09
16.6
15.22
14.56
14.2
15.64
17.04
15.97
15.54
16.13
16.99
17.16
14.54
16.66
16.59
15.33
15.43
18.56
15.92
17.37
17.69
19.38
15.22
21.19
17.15
16.37
19.69
17.53
19.77
16.2
14.68
19.36
21.68
14.16
15.61
17.46
18.39
17.46
15.88
17.56
23.35
16.6
18.35
16.19
23.4
17.83
14.67
14.53
17.62
15.19
15.0
17.13
17.33
19.68
17.27
15.83
15.37
17.85
20.07
22.93
16.74
19.8
15.32
15.12
17.04
16.66
16.79
19.37
16.48
16.91
16.25
15.2
17.56
17.6
17.31
17.51
14.47
23.23
15.39
18.03
14.68
14.46
17.4
19.5
15.44
18.26
18.45
22.15
19.78
14.27
17.21
16.92
16.94
17.98
16.5
14.92
14.82
16.63
17.57
16.33
14.28
13.62
15.42
15.16
16.22
14.92
17.18
15.16
16.08
18.41
15.16
15.02
16.75
16.0
15.03
18.33
16.58
16.76
15.01
21.19
17.42
17.21
15.59
15.79
15.99
16.42
18.95
20.18
16.43
18.08
18.16
18.12
22.83
15.67
16.96
16.47
16.67
16.4
17.92
19.45
16.1
16.57
15.23
17.35
16.25
14.72
16.15
18.41
18.82
15.0
19.74
17.53
16.8
19.31
16.78
16.06
15.85
15.48
19.34
18.87
19.83
15.73
20.87
18.69
17.89
17.24
19.32
19.01
19.79
22.45
20.15
21.36
16.07
14.21
18.72
17.99
16.06
17.05
15.91
20.17
21.77
16.25
14.65
17.99
19.39
16.6
17.79
16.49
19.37
14.44
16.28
17.06
19.62
17.55
15.65
17.6
17.46
16.1
15.95
15.28
17.57
16.95
14.63
17.49
20.32
15.1
19.84
19.51
15.92
14.41
20.0
17.27
15.71
16.14
17.43
15.88
17.78
17.05
14.92
17.48
15.65
20.04
16.84
17.15
17.05
19.03
19.8
17.37
16.24
16.27
16.83
17.2
15.66
17.79
15.21
18.78
20.67
17.72
16.96
19.48
17.57
17.05
