60.01
114.53
16.75
16.14
64.33
23.73
28.78
100.01
26.27
22.21
16.41
16.94
16.48
16.52
16.5
15.68
17.22
23.91
26.1
23.48
40.6
26.33
80.76
33.82
39.71
18.6
21.15
18.99
17.56
15.83
18.29
15.99
16.29
15.74
19.02
17.58
19.88
23.18
17.67
15.81
16.7
17.63
17.54
19.44
18.61
15.17
17.57
16.24
19.52
20.3
18.09
17.37
21.31
24.19
18.71
28.16
16.82
18.17
16.87
16.68
18.18
23.91
20.12
22.36
23.92
19.18
20.61
23.8
20.7
19.08
18.73
24.58
22.36
17.94
19.66
21.18
18.57
20.35
18.14
20.58
20.9
20.41
19.27
26.44
24.46
19.46
19.17
19.91
20.02
22.04
27.7
22.89
20.17
24.91
18.03
21.94
18.11
20.68
25.74
22.28
17.12
21.49
23.95
20.94
23.18
21.59
23.0
24.08
18.69
19.92
18.72
18.39
22.15
26.68
26.21
22.56
27.49
19.95
19.47
21.46
29.7
18.62
15.38
17.95
14.74
17.8
14.44
14.44
14.52
16.65
13.94
21.35
15.5
20.85
19.26
14.77
24.33
25.87
16.43
15.0
13.6
13.72
15.35
14.86
14.51
15.81
16.54
17.43
15.78
15.58
16.01
15.45
13.5
13.55
16.95
16.79
13.63
15.54
15.99
18.09
18.38
19.31
18.08
18.84
16.41
18.76
22.16
13.75
18.71
22.14
14.64
15.25
17.59
15.68
14.99
15.71
16.68
17.64
27.12
19.17
20.15
17.17
19.25
15.67
16.63
15.93
15.95
15.81
15.16
15.93
16.92
14.67
17.88
16.03
15.66
15.27
14.9
18.09
14.11
15.13
16.03
19.11
15.59
14.16
15.49
14.6
16.83
16.14
13.93
13.96
14.23
13.44
16.89
13.7
15.74
14.19
14.95
20.79
14.65
17.39
14.64
18.57
17.0
14.32
17.16
16.54
16.33
16.18
19.39
15.85
15.93
14.02
16.97
19.31
14.88
22.84
14.51
18.11
16.0
14.8
15.39
16.22
17.94
15.26
15.18
15.69
22.46
15.55
21.27
18.21
15.34
14.78
18.05
23.73
23.55
26.11
17.03
17.6
17.7
22.32
15.01
21.21
27.66
20.08
15.03
14.85
15.59
17.05
15.47
19.6
20.5
14.77
17.22
16.3
18.27
15.61
13.62
20.66
14.42
15.28
26.56
25.94
22.05
17.61
20.47
16.59
18.09
15.75
16.15
16.55
17.52
19.21
17.32
15.98
21.02
17.67
15.73
13.62
17.29
14.77
18.34
15.36
15.36
21.07
21.47
16.35
15.6
14.91
19.82
17.77
19.23
16.03
15.92
14.9
20.03
21.51
15.89
22.68
15.72
18.6
16.44
15.22
16.77
16.27
20.6
15.65
17.07
16.22
16.4
13.92
16.71
14.45
14.38
18.15
20.53
18.89
15.65
14.49
15.27
15.68
15.38
17.33
15.29
15.88
16.65
14.55
18.05
17.35
15.06
13.33
16.23
17.02
16.24
17.44
18.98
17.17
17.84
13.88
15.21
15.22
15.14
15.35
16.81
15.64
15.82
14.07
18.48
18.65
15.53
15.11
15.85
14.22
15.34
15.82
17.15
17.77
17.96
18.12
19.67
15.54
15.49
19.69
20.22
13.63
13.49
17.83
19.16
17.89
14.85
16.15
15.22
14.56
16.57
17.15
16.68
16.28
15.12
17.13
13.78
14.01
16.53
17.25
21.88
15.49
14.86
14.57
13.64
13.34
15.35
13.86
16.03
14.11
16.95
16.53
20.56
16.38
15.07
25.44
15.75
15.59
15.69
15.52
15.55
21.07
16.41
15.17
19.15
16.22
16.62
16.78
18.38
17.37
17.46
18.57
14.01
16.32
15.0
18.52
20.93
18.46
21.2
14.84
17.89
15.78
14.04
21.04
15.43
15.9
15.43
16.9
15.71
17.13
20.89
13.88
17.97
15.75
14.16
17.66
16.96
18.49
19.17
16.48
13.82
17.54
16.98
15.72
15.24
17.11
14.27
15.13
16.95
14.61
15.13
19.21
15.73
17.32
18.62
15.7
16.43
20.42
15.19
18.69
14.26
18.6
16.46
14.69
13.92
19.19
21.6
13.88
14.42
16.57
15.56
15.74
18.39
13.76
15.57
16.16
15.93
15.3
