45.63
57.47
51.42
78.83
18.4
16.66
18.08
22.73
21.68
23.87
25.62
20.59
21.71
23.78
24.75
22.06
67.4
26.6
34.37
20.7
20.15
29.27
21.44
18.22
19.98
23.44
25.93
23.49
28.16
20.5
27.75
21.58
21.29
19.25
19.69
21.13
22.57
23.56
26.45
20.93
22.56
23.99
22.29
18.65
21.05
30.92
26.28
30.67
20.01
25.02
30.09
17.9
22.11
23.4
25.8
21.25
16.69
18.31
15.8
24.64
20.78
26.18
22.02
20.37
20.06
31.25
20.2
28.26
18.71
28.27
20.85
20.91
23.26
23.17
23.8
25.9
21.56
21.92
25.33
21.69
18.97
23.44
21.91
32.2
22.31
24.16
20.44
24.79
22.66
22.44
20.49
24.96
20.12
23.21
23.78
25.57
23.27
20.64
21.71
22.96
23.71
20.09
36.12
33.02
33.78
41.6
24.11
26.14
18.74
18.23
23.7
26.51
21.96
22.34
21.49
27.76
25.37
25.2
20.88
28.66
19.9
21.94
14.47
15.2
17.74
15.14
35.05
22.49
30.46
21.73
14.5
17.96
14.2
16.95
16.29
16.35
13.24
16.17
14.52
16.34
17.06
16.97
16.69
23.08
18.51
19.51
18.62
20.03
15.81
22.3
19.18
19.41
21.99
18.02
16.77
19.18
17.75
16.03
18.74
15.3
21.27
15.21
15.96
17.04
18.47
15.7
20.97
18.66
17.74
17.24
15.95
17.37
14.86
20.64
17.39
16.41
19.45
17.18
15.35
19.66
17.8
20.16
19.16
16.12
15.14
15.21
19.27
17.21
19.94
17.63
15.68
16.2
15.72
14.56
19.99
16.53
19.65
13.96
16.56
14.19
17.25
15.77
17.68
15.15
14.79
15.18
19.4
17.42
16.39
15.93
14.2
14.4
13.8
16.27
15.15
15.29
15.87
15.59
16.82
16.02
17.37
16.42
15.87
16.0
14.72
14.69
15.35
14.78
14.98
14.24
15.65
15.37
16.17
13.69
14.5
14.12
16.66
15.98
14.98
14.2
17.32
16.47
14.88
13.75
16.88
17.58
15.1
15.43
19.1
16.71
18.48
16.44
14.2
14.77
18.47
15.9
15.68
19.65
18.66
16.57
18.24
16.33
16.01
14.45
19.03
18.78
16.95
18.01
16.86
19.81
20.44
19.04
19.83
20.98
17.85
16.88
18.66
16.97
13.97
20.01
17.9
17.55
22.19
17.37
16.92
16.85
13.39
17.0
20.02
14.98
18.41
13.99
17.13
14.17
15.0
19.57
24.72
21.75
19.9
16.78
19.08
17.86
17.2
17.1
19.39
16.66
16.57
14.66
16.87
19.08
19.11
20.05
15.32
19.31
14.96
19.82
16.36
19.15
17.64
16.43
16.61
15.32
18.34
20.03
15.57
14.71
16.04
18.03
17.48
20.76
15.76
14.97
19.45
16.58
17.49
21.03
21.11
17.74
18.66
16.37
16.28
20.67
17.63
15.63
19.19
14.63
15.93
17.38
16.1
16.09
16.22
14.02
16.64
18.25
16.04
13.41
15.65
19.79
19.52
14.66
15.36
15.93
16.58
15.51
17.38
15.09
16.9
15.41
18.83
14.17
17.06
18.91
17.21
18.32
16.17
19.0
17.25
19.55
18.55
16.91
19.98
17.2
19.12
17.03
15.66
16.86
20.56
21.56
18.0
16.48
15.78
21.64
19.99
15.88
16.89
16.05
16.45
20.05
17.86
13.53
15.65
15.47
18.08
21.28
17.91
15.43
17.84
17.44
16.81
18.33
16.54
15.67
17.21
20.18
16.3
14.58
20.73
19.66
17.71
15.97
15.72
21.76
21.02
19.49
16.51
16.71
18.73
19.29
22.19
17.95
15.98
19.19
17.64
17.87
18.87
19.01
17.07
18.7
15.78
14.73
17.16
16.66
15.47
14.75
18.48
18.3
17.26
15.14
14.98
19.27
18.09
18.25
16.6
14.27
15.1
19.13
15.08
14.75
14.27
19.98
25.18
19.94
16.07
15.2
16.17
17.6
17.23
15.03
16.16
18.32
16.07
18.13
15.1
17.19
19.27
18.41
16.79
14.95
18.19
19.5
16.42
19.46
17.39
14.15
20.12
20.03
17.88
16.77
16.56
17.73
15.74
16.15
19.41
17.66
17.14
21.15
18.34
15.92
18.47
20.97
