38.28
41.45
53.81
53.24
17.16
17.87
20.82
15.81
19.66
14.98
19.21
20.34
14.34
54.9
14.45
17.27
18.36
14.51
15.34
17.76
19.12
20.06
15.76
18.34
18.88
18.42
19.8
16.75
18.14
14.45
21.01
22.05
26.54
17.8
19.43
20.04
21.35
19.67
19.86
15.65
15.37
20.11
20.44
23.8
23.2
27.27
20.45
22.77
19.12
22.09
25.85
18.9
23.14
28.39
17.32
16.0
17.64
17.69
18.93
21.47
18.21
23.58
19.54
22.91
20.02
22.27
18.6
26.4
16.61
20.36
21.24
19.64
18.86
24.15
15.39
16.94
19.15
24.79
21.3
27.98
18.42
22.84
19.25
24.76
16.55
17.84
28.01
30.23
19.03
19.67
20.01
23.61
18.05
21.88
22.6
25.87
22.24
18.77
20.11
20.58
18.94
18.71
18.03
21.71
22.11
23.73
20.1
27.71
28.69
19.02
21.94
29.0
16.69
21.19
19.76
20.65
17.65
20.69
18.18
17.89
19.99
19.08
17.27
15.13
18.79
18.93
19.3
18.41
26.83
17.34
19.04
20.54
18.75
20.4
17.15
18.4
14.52
18.06
18.26
17.06
17.58
18.46
19.18
15.14
17.37
18.74
18.04
17.77
17.11
19.83
19.0
20.25
19.06
17.22
16.98
18.47
18.44
18.81
20.4
16.18
16.2
17.76
19.43
19.12
20.77
16.48
15.59
15.87
15.38
15.54
17.95
18.9
19.55
19.63
18.6
19.22
16.72
18.86
20.79
16.07
19.34
18.6
14.43
16.2
19.21
18.97
15.3
17.81
17.92
20.04
16.07
17.43
13.65
20.44
19.74
18.11
16.84
17.86
19.4
13.97
15.16
18.13
17.92
22.54
15.65
17.4
19.53
20.1
21.62
17.26
17.67
16.75
20.29
19.59
19.97
19.01
19.93
14.79
15.74
18.91
20.46
16.19
18.48
18.8
21.46
14.26
17.24
18.9
19.79
17.48
16.61
16.72
16.7
17.79
21.54
17.96
17.17
17.16
19.24
16.12
17.1
17.02
17.64
18.44
22.77
19.02
19.5
18.4
18.86
15.63
18.76
19.1
17.63
15.87
17.32
20.33
19.19
16.75
16.73
17.49
18.43
18.83
18.34
17.65
18.09
16.14
18.26
17.43
16.98
18.27
19.07
21.03
16.42
17.13
16.44
17.4
19.1
19.34
19.32
15.53
18.32
19.12
18.18
16.91
16.74
19.12
17.34
17.43
18.17
19.25
14.64
16.33
18.98
19.64
17.96
18.65
20.57
20.63
16.62
14.07
21.75
21.8
17.1
17.53
20.26
15.6
17.36
16.2
18.07
18.62
19.27
17.4
19.3
15.43
16.92
16.16
20.16
13.98
16.9
16.43
16.83
14.91
16.97
17.88
17.53
15.04
15.8
15.69
15.95
15.63
16.61
17.84
18.84
16.56
21.76
17.2
17.34
14.11
15.67
17.93
20.52
15.02
19.25
18.23
19.97
19.32
17.94
17.42
16.94
17.18
16.15
17.46
13.91
15.12
17.3
17.63
19.74
17.39
17.19
17.65
17.2
16.45
15.9
18.57
17.81
16.19
18.22
14.94
17.86
18.48
19.72
13.88
17.9
17.43
22.79
19.77
19.35
20.62
15.56
17.71
16.84
20.82
22.1
19.93
20.31
21.0
16.76
18.3
19.82
21.81
16.76
16.59
16.51
16.42
18.18
19.09
15.1
15.23
18.45
21.84
17.86
14.4
15.64
16.27
20.41
21.32
15.17
20.26
14.36
15.15
16.87
20.84
21.69
16.82
17.99
19.95
19.69
15.87
16.5
16.75
19.37
19.67
21.5
18.18
22.44
19.74
31.13
15.96
17.59
19.26
19.46
16.89
14.78
15.55
16.51
16.81
17.13
20.05
19.55
20.77
17.34
19.63
18.71
20.37
16.64
18.0
16.78
18.68
17.11
19.42
19.48
19.17
20.44
19.24
16.65
15.9
17.77
18.84
17.39
16.5
17.15
16.75
18.57
17.48
17.76
16.73
16.14
16.57
16.62
15.26
14.52
15.49
17.36
17.89
16.62
16.65
19.27
18.85
18.34
15.39
18.84
20.73
23.16
21.42
16.15
17.81
15.32
15.72
16.84
16.09
16.72
20.12
20.49
20.37
18.55
18.32
20.46
19.11
19.74
20.92
