26.3
28.65
22.13
14.46
15.79
30.8
31.5
13.84
17.24
14.11
14.19
15.46
15.68
13.97
14.25
14.01
14.14
15.28
14.2
14.67
13.47
14.74
13.45
14.3
13.86
13.92
15.97
15.3
15.36
13.57
13.95
14.09
15.62
14.1
14.64
14.46
15.87
16.21
17.16
15.27
13.12
14.47
16.23
15.25
14.07
14.49
14.39
15.84
13.7
15.65
15.74
13.44
15.03
18.64
13.52
14.29
14.15
15.8
14.87
13.14
14.94
15.05
13.49
14.98
13.64
15.76
14.61
16.11
15.4
15.42
18.79
20.35
23.88
24.94
19.8
25.74
19.73
22.48
17.44
21.47
21.17
23.94
22.07
25.46
17.25
17.65
21.13
25.71
20.35
23.41
22.53
25.4
19.85
23.98
21.41
26.75
23.3
18.12
23.74
22.04
20.48
22.2
22.02
24.55
24.99
18.36
19.36
22.45
23.96
17.28
22.08
28.18
19.37
20.72
19.34
19.65
17.52
19.86
17.73
19.37
17.89
18.36
17.26
19.38
21.18
18.97
18.76
17.34
20.33
15.94
18.9
18.02
16.19
16.82
16.87
16.24
13.92
16.42
18.05
18.78
15.85
17.61
17.61
15.04
18.92
19.06
17.7
19.37
20.84
19.4
20.2
18.5
22.05
20.91
16.63
21.59
19.2
20.67
20.57
16.58
14.52
17.78
18.14
18.31
20.23
16.25
16.89
16.36
17.51
20.98
22.18
15.16
16.05
18.0
19.54
18.85
24.69
18.11
18.82
22.12
19.68
18.85
20.15
16.06
18.15
17.33
18.27
16.25
17.4
20.47
18.63
15.78
17.55
16.17
17.58
20.52
18.51
18.83
17.54
15.97
16.44
14.52
15.64
17.44
16.86
15.62
17.48
18.13
18.91
20.21
15.55
15.43
15.17
15.79
17.66
17.87
17.45
18.37
15.79
16.87
18.12
19.69
17.47
18.66
17.17
21.11
17.5
19.08
17.86
19.87
16.12
16.71
14.53
14.74
15.3
14.63
16.29
17.69
18.04
20.13
15.01
14.95
19.58
20.38
17.16
18.11
17.57
18.29
18.69
18.73
19.43
21.08
16.82
17.67
15.75
16.27
17.56
19.03
14.72
14.11
17.06
19.15
18.02
18.54
16.95
18.55
16.38
18.85
17.05
19.01
15.54
17.66
20.1
16.18
18.46
19.29
16.0
17.46
19.6
17.85
16.19
17.77
21.14
17.68
23.1
18.31
19.59
16.69
16.34
19.01
17.57
15.55
16.92
18.06
19.64
14.26
16.86
19.49
18.98
15.74
15.42
18.38
21.75
17.38
17.07
18.57
15.53
17.53
18.32
18.55
18.22
19.9
16.01
17.89
17.95
20.07
17.95
15.77
14.05
16.27
16.36
18.12
17.67
16.5
16.61
15.89
16.59
17.85
17.48
18.0
18.79
20.27
17.19
18.06
17.71
21.29
17.18
17.87
15.12
15.36
18.41
22.58
17.23
19.43
18.73
18.69
20.37
17.14
18.65
23.2
18.93
17.87
18.72
15.08
16.43
18.99
19.89
21.29
14.65
15.77
17.27
17.08
14.71
17.44
19.07
17.14
15.55
16.53
16.35
18.32
20.42
17.41
15.01
17.24
16.17
17.42
18.05
18.17
14.6
15.5
19.31
19.16
21.49
17.9
19.44
18.0
14.93
16.85
16.69
19.67
23.41
19.37
15.42
14.75
15.32
18.89
19.48
14.69
19.45
16.23
15.23
14.77
16.49
15.49
16.45
20.26
22.56
17.96
16.89
15.6
19.41
15.56
18.58
21.06
15.92
17.75
20.04
20.14
16.17
17.36
18.71
15.91
17.79
16.65
18.82
20.24
21.57
18.07
15.17
21.47
16.93
15.78
15.83
16.37
17.63
19.39
17.54
19.71
17.66
17.12
17.58
15.38
15.78
22.67
22.65
17.34
19.98
17.72
17.85
17.68
17.15
17.47
20.08
16.25
18.88
17.74
17.36
17.09
19.14
20.03
15.95
15.08
16.44
18.3
17.48
17.9
13.91
13.19
18.28
16.28
19.39
17.2
16.62
17.79
18.04
19.83
14.57
16.95
17.09
23.61
14.44
18.65
18.73
21.42
15.5
18.69
18.03
15.85
15.24
18.55
18.72
17.25
16.15
17.1
17.11
16.99
20.32
18.87
16.83
15.61
