43.19
43.39
14.41
25.42
21.37
21.21
22.93
59.09
66.35
24.39
20.08
22.15
16.81
17.14
23.47
25.59
19.83
17.36
18.82
18.1
17.23
21.57
18.15
22.05
27.91
20.28
27.38
16.05
21.32
15.87
18.87
16.83
16.73
20.07
19.68
19.29
20.43
16.62
19.11
16.43
14.49
21.58
22.47
32.02
19.6
19.67
17.1
16.59
19.84
20.6
24.56
16.72
22.8
24.12
18.95
15.34
18.37
27.48
30.3
20.84
17.1
20.38
20.33
24.14
19.93
19.93
17.91
21.39
17.05
20.78
19.34
20.3
21.15
21.32
14.79
17.44
19.39
20.63
18.5
21.12
20.39
25.45
20.47
24.77
18.47
19.57
20.52
23.65
18.22
21.74
20.84
24.57
19.5
18.66
21.3
21.75
27.23
20.74
21.48
21.49
24.43
19.92
20.12
28.05
30.3
14.97
18.38
19.94
24.75
19.31
23.53
22.98
19.52
20.95
21.17
32.03
20.64
24.71
20.99
23.79
19.92
21.68
19.18
17.61
17.06
17.11
16.86
18.01
18.02
17.94
16.6
15.72
17.9
15.97
16.3
18.58
14.42
14.16
16.64
16.62
14.89
15.8
15.99
16.58
16.87
19.19
20.14
18.74
16.22
18.61
17.35
19.93
19.68
16.58
15.05
16.7
15.02
14.71
14.08
15.54
14.33
20.86
17.57
17.53
20.13
15.39
14.86
21.76
18.42
20.04
18.27
15.39
16.76
17.89
17.85
18.68
21.87
15.74
20.03
15.38
22.57
19.54
19.61
15.02
14.99
17.25
22.94
14.31
18.59
17.73
15.95
16.55
18.1
16.14
18.9
17.58
18.82
17.97
16.22
18.23
17.03
17.26
15.75
17.62
20.03
18.15
16.22
16.44
17.82
21.39
15.28
17.61
19.76
20.09
18.17
19.85
16.32
19.2
15.08
17.22
20.45
22.22
17.23
16.11
17.95
17.59
15.34
16.85
19.68
18.9
14.76
17.69
16.46
18.28
16.87
18.36
17.43
19.92
15.17
18.0
15.81
15.86
17.23
17.45
17.53
18.55
18.82
18.46
17.91
20.24
15.76
18.93
17.46
16.88
16.06
19.12
15.61
18.63
16.98
21.26
15.17
17.59
17.98
16.25
15.05
14.52
18.21
17.65
15.78
15.19
16.12
18.63
17.66
16.56
17.18
18.17
15.18
16.64
17.55
18.5
16.49
17.13
16.01
18.26
17.29
15.99
18.73
16.57
16.17
16.11
19.18
16.93
16.3
19.13
19.17
18.14
16.23
20.0
18.89
20.13
21.55
18.26
20.4
14.74
14.02
16.42
17.38
18.6
17.77
20.13
16.84
19.21
14.6
16.84
19.72
19.93
19.48
18.02
14.43
17.07
16.5
16.6
17.74
15.71
15.13
15.05
16.57
19.66
17.83
17.34
17.42
18.68
17.85
20.22
16.75
17.62
16.45
15.36
14.69
15.03
17.99
20.07
15.64
17.07
15.44
14.91
15.92
16.36
17.83
21.97
19.9
15.82
18.12
15.56
13.31
17.3
19.75
17.48
17.34
14.93
15.95
21.29
19.41
17.79
17.54
17.86
15.15
14.04
16.11
15.65
17.78
17.22
14.72
21.64
20.31
18.43
19.18
18.08
19.83
18.18
16.29
18.15
23.55
19.34
18.74
18.06
17.06
15.72
17.95
16.11
17.36
14.86
19.51
13.88
14.59
18.7
17.2
17.11
16.92
16.6
19.64
17.05
17.13
16.24
17.49
16.03
17.36
16.58
15.06
16.09
15.97
16.62
19.14
18.33
17.37
15.5
17.1
15.25
16.86
16.28
15.36
14.04
15.63
16.1
14.38
14.84
17.54
15.35
16.95
18.77
19.38
21.2
23.93
18.67
16.42
19.38
18.45
16.87
19.99
19.14
15.74
17.02
15.34
16.93
15.36
18.03
15.18
15.17
17.5
18.17
16.06
16.12
22.41
19.36
16.28
17.13
21.19
15.16
17.55
17.26
13.84
15.08
18.44
20.3
18.01
17.92
23.29
22.74
18.21
16.72
17.6
17.65
17.29
16.1
18.81
18.53
19.44
15.34
18.33
18.95
23.65
15.4
17.95
17.01
16.82
16.67
18.77
17.88
18.62
17.49
16.1
20.71
16.69
16.7
18.49
20.72
19.52
22.06
18.71
18.81
