41.2
43.26
20.51
71.54
21.81
21.17
18.31
70.07
72.88
20.53
20.81
20.05
15.9
16.8
18.75
17.21
18.96
21.29
19.18
18.49
18.78
16.62
21.25
20.4
18.24
20.9
21.89
23.62
20.33
22.34
18.8
21.95
21.66
22.53
21.54
24.65
18.04
16.81
16.52
17.94
22.24
20.24
22.02
18.75
19.36
20.3
19.28
21.82
20.22
20.74
20.27
18.12
18.83
19.34
19.55
17.52
19.19
24.33
20.9
20.16
22.46
21.07
23.38
21.92
23.73
17.36
17.68
20.61
21.32
20.35
24.23
21.06
26.47
20.93
24.49
18.32
22.82
21.18
24.78
22.29
25.67
22.51
49.25
55.63
23.75
31.48
21.86
25.62
17.89
20.14
19.49
21.28
20.79
21.23
18.32
20.64
23.25
24.48
23.3
22.28
23.5
25.0
33.18
18.81
18.65
20.55
23.27
19.77
21.99
24.76
21.95
29.4
21.78
25.84
23.18
21.69
20.55
23.79
19.39
19.68
25.24
23.39
16.35
18.44
23.0
22.5
17.26
17.81
15.7
19.48
19.05
19.75
20.11
16.36
17.3
17.31
16.75
19.35
16.07
16.95
15.62
16.84
20.46
21.03
17.9
17.57
23.3
20.98
18.24
19.54
22.28
24.03
20.37
18.8
18.84
20.29
15.57
16.06
17.23
18.96
16.53
17.48
16.54
16.99
20.37
18.01
21.34
18.55
15.86
16.65
16.87
21.17
20.63
20.1
17.24
17.56
18.53
17.33
18.76
20.67
16.86
18.48
20.12
19.23
17.37
16.03
16.3
20.51
17.69
17.94
17.16
20.42
19.81
19.59
17.91
17.31
17.65
16.93
18.08
21.12
18.72
20.66
17.42
18.48
20.74
22.89
24.16
15.72
16.28
16.55
17.07
16.66
17.35
16.28
19.95
16.52
16.69
19.61
19.67
15.63
15.56
17.98
21.19
15.37
17.78
16.18
17.46
16.02
17.27
17.17
13.97
19.22
18.97
14.41
14.72
18.1
19.15
15.66
14.29
16.81
18.67
16.7
16.14
18.96
19.17
16.6
20.02
17.48
17.02
17.15
17.97
16.13
17.48
18.03
18.78
17.43
17.96
18.37
18.44
16.84
15.49
17.19
17.28
16.92
18.55
18.14
18.04
17.32
17.71
19.38
19.19
18.64
18.25
13.74
14.05
14.95
16.61
15.14
17.13
18.43
17.03
19.89
18.51
20.97
18.44
18.12
18.91
18.67
18.93
15.17
18.28
17.65
17.27
17.33
19.55
20.19
18.47
17.58
18.74
19.78
18.1
16.9
18.45
15.97
19.01
16.54
17.19
17.89
17.7
16.55
16.47
17.04
18.09
17.66
17.43
15.19
16.97
17.84
18.77
17.97
15.24
16.35
16.39
17.87
16.66
20.37
20.9
19.12
19.82
20.19
18.3
18.06
17.74
16.57
14.92
16.89
15.79
17.73
21.09
18.6
17.09
19.15
20.95
17.11
16.63
18.84
18.69
18.47
17.18
18.43
17.43
14.68
19.26
17.93
21.27
17.24
14.76
16.18
16.24
15.36
16.34
16.22
16.29
16.26
17.69
13.82
18.15
18.28
17.02
18.86
16.38
15.68
17.1
17.02
15.69
17.1
18.43
17.91
16.4
17.15
19.15
16.87
16.63
18.6
18.9
16.77
20.43
22.12
18.31
18.84
16.93
15.82
18.24
21.79
16.15
18.26
17.76
20.14
21.58
18.04
16.59
17.96
19.72
21.57
16.11
23.64
18.54
15.15
15.66
20.61
21.2
17.1
17.83
19.41
19.7
15.19
17.91
19.29
19.16
18.64
18.62
22.56
18.47
21.23
17.83
18.45
15.42
18.68
18.62
18.28
16.83
17.41
18.84
19.67
19.25
20.05
17.35
18.16
17.9
20.5
16.44
17.61
17.22
17.41
17.23
18.34
17.94
19.55
16.83
19.27
18.48
21.05
18.19
18.14
17.23
16.83
16.38
18.64
17.91
17.87
17.95
18.43
21.08
15.51
14.86
15.9
18.82
16.56
19.36
18.02
17.67
18.21
18.71
16.78
18.88
19.11
19.47
16.45
19.76
20.08
19.9
18.68
18.02
15.64
20.89
20.82
17.33
19.25
15.62
16.53
16.3
17.31
18.47
17.23
19.92
16.92
19.94
21.9
22.19
23.39
