39.86
51.14
30.47
15.31
17.89
18.09
37.59
24.35
23.6
42.79
22.01
21.16
18.28
15.45
15.65
15.18
22.85
16.62
17.48
14.56
15.5
17.39
14.75
22.68
27.45
18.94
19.25
16.26
18.67
17.16
21.89
24.36
33.96
26.04
56.34
49.95
55.72
17.6
46.8
40.86
29.05
18.77
26.73
41.87
18.31
20.08
18.0
22.17
18.96
25.6
23.08
17.64
18.23
32.18
34.61
30.6
20.07
23.83
25.78
26.13
18.44
24.63
20.36
24.21
18.77
22.67
17.31
22.17
20.98
23.55
19.62
23.92
19.94
47.58
36.25
41.16
23.53
27.12
20.01
32.16
18.76
24.6
20.47
31.66
21.07
29.54
25.16
30.52
20.59
23.16
21.99
31.57
22.73
23.69
19.02
23.61
21.37
20.15
19.45
20.96
19.69
17.96
19.93
28.87
38.84
16.99
22.09
33.81
37.22
23.84
22.77
25.3
24.99
26.48
25.3
51.6
50.48
30.95
38.09
44.71
30.89
30.88
17.69
19.33
19.65
16.12
20.93
20.16
19.39
15.59
18.88
18.96
17.38
19.0
20.47
18.68
19.75
20.18
20.47
21.56
20.49
15.78
19.6
15.56
17.37
19.09
15.94
15.43
17.05
22.02
16.24
19.31
17.85
15.54
14.95
20.43
16.46
17.21
18.57
16.66
17.44
19.02
15.98
16.93
17.08
17.11
17.24
18.93
16.61
15.61
19.41
18.74
18.69
19.43
20.38
21.41
21.55
17.52
17.5
19.65
17.37
20.14
19.63
17.76
22.77
18.11
20.13
17.47
19.1
17.74
15.91
16.91
17.51
16.63
18.88
20.91
21.61
18.57
18.67
18.09
16.94
17.84
18.63
20.41
18.89
18.09
17.89
17.31
18.28
19.48
15.59
16.71
17.86
18.93
18.06
16.5
18.28
17.57
16.51
17.21
19.11
19.83
17.8
18.25
19.66
20.02
17.26
19.72
17.31
17.92
15.83
17.41
16.11
14.11
16.84
19.88
17.1
19.26
17.24
19.13
15.06
15.09
18.18
19.95
17.95
19.23
16.83
16.21
17.52
18.34
17.68
16.11
18.14
18.57
16.91
17.5
17.03
18.43
17.53
18.48
16.32
18.58
17.58
18.73
16.93
18.67
16.77
17.7
16.77
18.03
16.02
17.79
17.1
15.67
18.05
16.57
16.16
15.98
17.13
18.85
14.82
18.4
19.15
15.3
16.25
19.9
19.36
16.77
13.91
16.9
18.04
14.41
16.66
17.24
17.04
14.68
17.31
17.82
16.67
15.73
15.0
17.7
18.16
17.63
17.39
18.16
15.46
16.16
15.35
15.78
16.13
18.1
18.14
18.53
16.25
16.8
16.72
18.46
13.89
15.24
15.56
15.98
16.09
14.77
16.54
16.25
15.38
15.94
18.22
18.06
16.43
16.89
17.27
19.32
15.41
19.73
14.21
17.69
16.79
14.74
19.04
19.12
14.68
16.35
18.27
18.54
14.18
17.98
17.96
19.04
17.88
17.97
16.56
28.71
28.63
18.02
18.91
18.42
13.94
17.29
20.35
17.88
14.24
15.58
15.05
13.94
16.35
18.22
14.59
16.73
18.43
19.29
15.71
18.22
19.56
19.65
16.22
18.11
14.46
14.96
17.16
17.61
16.2
16.2
17.1
17.81
17.85
14.82
14.23
16.39
16.55
16.54
17.01
16.79
17.05
16.39
17.12
15.0
18.31
15.75
15.57
13.84
13.94
16.6
18.3
20.38
21.52
14.64
15.39
14.06
16.22
15.39
18.29
21.59
14.62
18.21
18.5
21.47
15.32
16.69
25.32
17.25
20.08
19.39
20.44
26.13
28.26
19.45
27.6
19.84
19.2
21.24
20.64
16.7
17.83
18.38
17.78
16.89
20.02
16.88
18.57
19.52
20.14
18.12
17.72
18.52
20.0
16.08
15.17
16.37
17.21
15.93
18.89
17.32
14.61
15.62
16.1
16.82
17.1
16.54
14.7
16.32
14.61
14.98
16.92
16.17
13.31
14.15
16.64
19.24
20.74
17.55
17.6
16.66
17.89
16.9
14.49
18.83
21.43
18.42
17.14
18.93
19.19
19.3
21.1
18.15
18.15
16.83
17.28
20.28
20.48
17.6
18.92
22.03
20.32
18.19
18.62
19.07
17.5
17.04
