47.46
45.45
19.4
43.96
18.24
16.41
46.1
18.69
20.73
52.62
19.06
20.41
17.29
19.33
14.8
15.3
13.65
17.04
17.03
13.6
15.24
16.07
13.74
16.54
15.77
14.88
14.47
14.27
16.61
15.15
20.55
16.35
17.91
21.43
19.49
19.62
20.12
16.1
15.3
16.99
17.98
15.68
19.43
24.43
20.31
20.9
18.95
23.72
17.44
22.01
24.41
16.38
18.52
22.57
17.57
16.09
18.03
20.48
24.05
16.24
16.48
19.96
17.89
19.87
16.43
18.05
16.13
15.87
15.91
15.43
15.68
17.01
16.52
15.57
17.84
18.04
16.83
16.17
15.47
15.27
16.63
16.39
18.36
18.95
17.78
20.15
20.07
21.2
19.08
20.81
19.76
21.75
16.99
17.39
19.77
31.94
17.27
17.42
19.35
19.27
18.17
21.0
19.2
38.4
34.33
19.56
20.23
20.92
22.79
19.0
20.64
24.97
22.44
18.94
18.36
18.78
19.07
24.25
35.0
40.99
28.7
28.25
19.34
21.16
21.26
16.53
18.14
16.39
23.92
17.05
14.25
14.06
16.03
16.42
16.28
16.72
15.57
19.24
16.36
19.27
16.69
18.34
17.5
19.08
20.11
22.89
20.35
16.88
15.77
17.1
20.98
20.21
20.7
15.45
17.82
20.56
16.74
20.14
19.61
16.3
18.94
16.23
16.64
17.58
26.42
14.23
21.49
21.12
16.15
16.06
18.24
16.35
18.2
18.23
21.27
22.23
22.57
21.25
20.56
22.84
18.57
20.02
19.05
16.26
16.49
18.92
17.83
15.42
17.04
18.11
17.25
18.51
18.67
15.48
20.79
19.78
19.49
16.89
15.44
19.16
14.12
15.93
18.57
18.08
19.29
18.99
18.4
17.15
20.2
20.21
14.86
15.47
15.75
17.64
15.87
14.63
17.34
17.07
15.89
16.74
17.65
17.75
16.89
15.41
17.26
19.78
15.44
15.89
20.77
23.46
18.11
19.48
17.11
16.49
17.46
18.21
13.99
15.33
17.77
18.85
14.16
16.61
16.34
16.36
17.85
17.13
16.76
16.37
15.06
16.8
20.31
20.09
18.83
18.1
14.44
18.22
18.03
20.32
16.65
17.04
18.3
18.08
17.14
18.21
17.66
17.74
17.88
17.3
16.19
17.52
17.89
17.82
19.63
14.95
14.94
16.02
15.57
17.07
18.47
19.35
15.69
18.14
20.4
17.87
18.23
16.37
15.51
16.93
14.63
17.42
17.91
16.1
15.79
18.21
17.03
17.11
18.45
15.38
20.94
16.73
13.74
14.84
16.72
13.64
16.88
16.63
15.39
16.02
15.85
14.26
16.91
18.31
13.74
17.2
19.69
19.81
14.04
14.91
15.98
15.62
16.3
15.51
19.1
14.62
15.59
17.28
16.03
18.44
18.8
16.14
18.24
18.75
16.82
16.99
16.41
14.37
14.8
15.83
14.01
14.41
13.38
15.61
15.52
14.66
14.79
15.78
13.98
14.6
16.48
20.72
15.84
17.85
20.37
17.35
19.12
15.51
17.21
21.34
15.19
15.58
16.31
21.42
15.48
17.07
22.03
16.91
15.68
16.4
16.08
17.15
16.21
16.22
13.53
17.48
22.19
21.75
15.61
19.39
18.57
16.16
17.59
16.45
18.22
18.78
18.51
24.92
15.33
15.92
16.08
18.7
22.24
16.69
16.6
17.82
17.77
18.84
18.43
18.48
17.59
19.09
21.57
18.91
21.15
16.35
15.41
21.91
22.75
16.24
17.03
15.15
16.27
18.06
21.46
23.56
19.28
16.83
16.7
22.23
17.71
18.52
21.72
18.44
16.22
16.6
20.34
23.23
20.64
18.22
25.77
18.17
17.09
20.68
23.53
13.42
20.27
19.31
15.81
15.26
21.25
16.64
19.95
16.38
14.73
13.86
14.56
17.71
18.62
14.8
16.32
15.9
14.77
15.28
15.94
17.93
20.03
17.73
16.35
16.9
18.63
18.9
15.93
14.43
16.01
16.71
21.17
22.45
17.71
15.1
20.42
18.07
16.75
17.47
17.13
18.33
17.02
17.64
14.73
21.29
24.05
24.13
22.31
18.41
17.4
20.01
16.73
17.91
18.82
20.21
20.63
18.2
16.48
18.04
17.73
16.12
21.14
16.81
18.85
17.48
17.42
16.62
