48.64
49.37
14.8
15.57
22.03
24.85
56.56
55.78
60.84
22.16
25.72
28.5
20.52
16.91
15.93
16.37
19.73
20.35
22.55
17.63
20.02
27.94
20.21
20.11
28.39
21.6
25.57
22.6
25.62
20.06
22.31
20.82
22.72
17.56
25.36
20.0
22.91
18.88
30.97
18.23
18.48
20.4
36.0
49.14
17.91
19.75
16.89
30.34
18.13
21.53
22.08
16.37
16.33
28.04
16.79
18.5
16.55
19.43
22.16
24.99
18.08
19.54
21.67
35.1
19.67
22.83
18.94
26.59
16.42
23.99
19.61
39.19
21.36
21.24
17.55
29.63
17.89
26.52
18.3
20.4
19.77
32.78
20.72
35.85
23.23
28.57
20.99
34.73
18.27
24.84
22.42
24.73
18.73
22.73
18.1
24.81
22.62
29.66
19.77
19.86
21.67
21.45
22.84
29.3
50.23
33.45
23.78
30.68
32.97
18.56
27.89
43.34
42.46
26.63
26.76
33.63
29.99
28.81
25.55
41.25
25.32
24.25
26.5
27.38
29.75
15.83
15.8
15.46
17.3
13.98
17.71
16.55
17.61
16.69
16.95
17.96
15.03
19.0
18.45
14.23
17.27
16.02
18.3
13.99
17.52
16.47
15.1
16.83
17.57
18.06
17.35
16.99
17.41
14.57
14.72
17.42
16.75
16.32
17.41
16.58
18.21
18.75
14.94
16.32
15.17
17.9
18.47
19.27
20.17
19.65
19.51
16.24
16.34
18.15
19.69
22.29
22.03
18.21
19.52
17.66
18.37
19.41
19.39
17.98
18.53
21.26
19.71
16.82
17.18
20.49
21.63
19.77
19.73
17.21
17.29
21.16
16.54
16.68
17.32
16.34
16.64
15.34
14.31
15.21
15.63
15.83
18.35
21.22
17.77
19.97
17.2
19.28
17.64
18.15
19.22
19.39
20.15
21.62
17.11
17.39
17.71
17.66
17.72
18.12
21.24
20.44
16.82
18.45
18.24
19.41
17.05
19.36
16.62
16.9
19.54
18.34
17.7
20.56
18.38
19.3
16.2
15.8
16.85
16.82
19.48
19.82
20.66
21.23
19.12
20.74
15.99
17.92
18.74
20.05
17.08
18.31
17.66
19.94
16.22
17.05
18.9
20.99
19.49
19.34
17.38
18.27
15.85
17.12
16.47
16.51
16.45
16.63
17.47
15.78
18.96
20.68
18.52
19.37
16.67
18.68
14.48
19.25
18.97
17.29
17.44
17.73
17.35
17.94
16.51
17.16
18.45
16.6
17.1
16.1
17.97
14.89
14.5
18.71
17.28
15.26
20.06
18.15
18.17
15.68
18.07
18.33
16.75
17.59
17.14
17.59
20.09
19.92
20.21
19.45
16.74
16.88
17.01
18.66
15.21
16.93
17.98
19.15
15.4
15.47
18.48
18.89
15.92
15.56
18.0
18.95
17.19
18.87
19.8
21.27
14.6
20.81
15.98
16.03
15.12
13.68
18.78
19.61
16.09
16.28
18.14
20.1
19.73
18.7
19.57
18.58
16.28
16.4
15.68
14.43
14.81
20.18
18.47
19.36
17.92
15.39
16.17
17.9
17.5
16.63
17.71
19.15
14.84
14.98
18.38
19.29
18.85
19.97
15.31
15.75
16.01
17.34
15.03
15.16
15.82
15.43
14.39
16.56
15.77
17.21
19.14
17.5
16.88
15.65
14.8
19.81
21.1
18.24
18.21
14.76
16.39
18.64
19.28
14.33
17.83
18.1
17.9
14.61
14.58
15.08
16.79
18.16
22.96
16.72
17.03
14.17
19.47
16.2
19.7
20.21
17.56
20.18
18.94
18.58
15.41
16.0
17.38
17.12
17.28
20.02
20.76
23.65
21.19
21.92
22.27
20.08
20.49
22.33
14.91
15.97
15.18
17.9
19.52
19.52
17.52
17.12
16.71
18.51
18.04
20.15
16.89
17.24
15.5
17.3
17.65
18.49
16.86
18.5
15.88
18.5
17.08
16.84
19.3
18.04
19.2
15.63
17.53
18.15
15.26
15.01
16.52
21.16
14.49
17.27
17.28
20.03
15.45
17.5
17.92
17.9
14.91
16.85
19.81
19.59
20.99
15.09
19.39
18.77
18.91
17.8
16.35
16.25
17.05
17.62
19.78
20.74
20.8
17.18
18.83
19.66
15.76
16.95
20.9
15.51
17.23
17.09
