44.99
42.28
33.97
32.65
15.28
15.75
14.75
14.97
15.31
15.91
19.69
15.48
15.37
16.36
16.57
14.35
18.66
16.9
14.56
18.13
36.14
19.32
15.66
15.35
14.76
15.02
15.09
17.01
16.79
16.13
16.37
15.31
19.3
26.85
28.39
19.94
25.29
17.02
16.49
17.07
18.74
16.1
16.2
16.22
17.03
16.31
15.9
17.93
15.47
16.68
15.66
15.64
18.62
15.94
18.07
15.58
20.49
27.63
17.45
16.62
17.02
18.74
19.87
18.24
16.14
16.93
16.84
20.91
18.82
18.66
18.11
18.54
18.2
20.97
21.18
19.04
21.08
17.93
16.7
17.34
17.53
18.4
17.47
25.62
25.19
24.27
19.15
17.75
22.77
20.01
18.91
25.73
29.65
26.54
29.74
30.1
18.76
25.05
20.55
26.76
48.19
18.0
29.33
40.5
21.29
17.77
33.62
35.15
33.85
22.79
31.92
17.79
24.4
27.52
34.05
27.66
41.22
22.09
23.06
22.1
21.85
17.45
17.15
15.37
18.63
15.6
17.41
16.18
16.08
15.64
15.84
17.58
16.08
17.29
16.33
14.56
15.35
14.76
16.9
15.4
16.2
17.07
15.79
14.88
17.42
14.6
13.75
16.36
15.14
15.56
16.47
15.51
15.39
14.18
17.59
16.14
15.32
15.44
15.99
19.05
27.05
17.26
16.09
20.9
18.96
16.71
14.43
22.7
20.11
15.11
17.64
13.97
17.53
15.42
18.02
20.65
17.07
16.79
17.31
18.39
18.21
14.98
17.65
20.59
18.25
19.66
18.56
20.93
19.93
17.07
15.57
16.74
16.35
18.53
16.53
17.14
19.08
16.51
13.49
21.03
14.9
17.25
15.95
17.96
16.3
16.13
20.62
18.04
16.4
18.06
19.56
17.63
16.06
15.11
15.72
14.63
21.33
16.41
16.12
14.62
14.73
18.38
16.72
15.69
14.85
17.1
16.31
15.74
13.81
15.64
16.56
16.02
15.62
19.44
15.65
14.56
15.43
14.22
14.87
15.07
14.48
17.9
15.3
20.9
20.02
16.9
15.27
14.68
14.5
14.96
15.29
14.6
15.39
15.19
19.41
13.73
14.17
16.67
17.03
17.48
23.17
17.89
16.16
15.67
17.67
16.66
15.9
17.02
15.25
15.5
17.54
15.73
20.44
14.56
16.24
16.05
15.37
15.32
15.32
13.97
15.24
15.33
17.7
14.81
14.95
19.6
16.19
17.13
15.6
14.17
18.22
19.62
17.99
16.64
17.96
21.75
15.72
17.02
16.03
15.56
16.91
16.4
15.6
18.5
19.04
17.64
17.07
17.03
18.36
15.71
14.8
14.95
17.13
18.66
19.2
15.18
15.48
15.64
16.89
15.49
14.98
18.27
17.54
16.48
17.16
17.77
17.85
16.35
21.2
19.94
17.69
17.51
18.57
18.38
15.81
14.99
18.87
16.81
18.27
15.02
15.61
16.06
16.13
17.93
16.28
15.2
17.39
21.3
17.77
18.11
18.23
16.76
15.37
17.85
16.03
16.86
16.57
14.8
15.89
19.66
15.61
18.16
20.54
16.45
14.42
23.26
16.97
20.44
15.96
17.84
17.82
16.48
17.16
16.82
15.3
19.04
18.87
16.63
13.63
16.05
17.22
17.34
18.85
17.0
16.88
14.71
16.67
17.09
17.19
16.13
15.91
15.6
17.72
14.97
20.2
14.42
14.45
18.77
20.25
16.9
16.19
17.04
17.16
18.3
15.73
18.87
17.16
19.96
16.83
20.39
18.56
14.65
18.73
14.56
15.99
21.64
17.92
21.56
18.51
17.64
13.85
17.28
19.39
18.95
15.34
18.22
15.25
15.66
16.57
15.64
18.53
14.35
15.26
20.69
18.36
14.07
14.9
16.26
15.34
17.62
16.56
18.17
18.49
17.28
16.02
16.71
19.41
16.0
15.06
21.15
17.12
17.76
19.47
17.43
21.56
16.08
17.9
16.08
18.72
19.26
15.64
15.11
17.63
17.36
15.18
14.73
15.7
16.92
22.18
16.76
17.84
17.75
16.85
14.24
13.81
22.83
16.99
21.03
19.54
14.66
16.69
15.99
20.71
18.27
18.33
15.91
17.7
15.86
16.13
17.24
26.44
17.65
20.1
16.83
16.15
14.88
14.73
20.27
15.27
14.92
