23.94
25.47
13.16
24.33
18.48
28.98
31.88
14.78
16.2
13.79
13.84
14.05
16.15
13.6
14.0
15.42
12.95
13.82
14.44
12.99
14.36
14.26
13.62
14.07
15.9
13.53
14.72
13.83
15.67
15.38
16.98
14.4
14.68
14.49
15.99
13.4
14.14
14.74
15.36
13.71
14.01
14.76
15.35
15.35
14.0
14.37
13.63
13.22
14.62
16.65
16.58
12.97
14.76
15.18
13.55
13.25
14.59
15.98
16.32
13.17
14.38
15.29
13.59
15.03
13.59
14.99
14.36
15.66
13.23
14.11
13.86
15.74
14.1
15.37
14.59
16.22
13.54
15.19
13.51
16.12
14.3
15.45
12.95
16.06
13.53
16.21
13.87
14.48
13.6
15.04
13.88
14.79
13.46
15.15
16.11
16.52
17.34
18.36
20.86
18.84
17.56
19.24
16.68
19.68
27.16
18.31
22.13
26.89
28.36
18.94
21.39
26.28
21.07
20.14
20.17
23.65
19.46
17.4
19.07
23.04
19.06
19.65
15.98
16.62
21.12
16.48
17.3
18.23
18.83
17.06
18.16
19.54
16.42
17.86
18.85
21.53
17.27
18.26
19.25
15.84
20.9
17.66
18.19
16.05
16.32
22.01
15.8
17.49
19.65
20.34
18.82
18.7
23.49
16.5
16.77
18.15
17.62
18.6
17.58
16.58
17.63
17.44
17.05
18.52
19.23
16.17
20.11
19.75
15.89
16.99
16.87
16.53
17.14
16.98
15.3
18.51
18.64
15.71
15.57
17.04
18.78
19.79
21.25
17.66
17.99
18.54
21.02
17.53
15.58
14.1
17.55
18.47
18.69
15.46
19.18
19.69
17.34
16.93
18.48
17.59
17.1
15.35
18.96
17.96
18.76
18.55
16.21
14.76
15.91
17.66
14.47
15.35
15.44
16.03
15.49
16.64
16.51
17.39
14.75
16.05
15.98
16.44
16.64
17.1
17.61
18.79
14.29
14.93
17.75
18.7
15.86
16.59
15.77
23.18
18.46
18.67
17.87
18.54
15.61
17.56
16.59
19.37
15.97
17.8
19.65
19.5
16.19
18.49
17.1
18.0
18.12
17.97
16.79
16.89
14.94
15.9
18.21
19.27
16.33
16.32
19.22
19.73
16.54
18.55
16.19
16.06
15.82
18.77
17.29
18.66
16.27
17.44
16.44
15.0
17.99
17.63
15.95
17.98
18.74
19.34
14.57
17.96
18.69
17.36
19.48
18.81
19.39
17.32
16.75
18.08
18.44
14.9
15.61
20.33
20.97
16.89
18.82
20.76
20.82
19.96
18.97
18.3
18.5
15.24
17.92
19.42
14.93
16.66
18.74
21.89
16.67
17.34
19.22
19.94
16.34
18.01
15.78
18.33
13.39
18.31
17.07
17.39
17.35
14.74
17.79
18.07
16.54
18.24
18.54
19.34
18.23
20.89
17.43
24.68
16.51
18.53
16.19
16.87
16.64
13.79
17.38
18.71
15.57
16.43
18.89
18.1
15.64
17.95
17.64
18.97
15.7
16.62
16.74
16.88
19.26
14.85
15.93
17.74
15.77
15.7
16.14
14.94
14.59
18.78
19.64
15.56
14.89
15.53
16.02
16.86
16.69
15.75
13.98
18.48
17.54
20.72
17.59
21.96
16.12
16.38
17.56
20.21
21.69
17.21
20.13
21.33
16.22
14.75
16.2
15.86
15.21
15.11
15.98
15.36
16.28
16.97
20.27
15.38
16.81
15.47
15.49
14.18
14.23
14.54
18.67
19.96
21.07
14.01
15.27
14.2
17.57
16.57
17.83
18.1
15.84
19.45
20.86
21.33
16.28
16.45
16.75
18.81
19.1
22.3
22.35
21.7
18.22
27.97
19.32
17.28
17.99
20.08
21.5
15.62
16.19
17.08
16.79
20.01
22.59
16.77
16.56
17.56
18.5
17.63
18.49
16.52
17.24
17.3
16.65
17.52
17.42
19.77
19.76
18.13
16.23
16.85
18.9
16.29
17.05
15.27
15.91
16.32
19.13
19.06
17.44
20.54
15.54
14.47
17.76
18.27
22.41
16.55
17.11
18.73
18.43
17.53
15.82
17.82
19.72
21.41
15.7
16.41
18.83
19.14
15.85
19.0
18.17
18.39
19.26
17.55
18.39
15.29
17.97
20.63
20.54
15.8
18.09
17.71
14.38
16.78
