55.99
65.34
65.35
22.02
18.26
16.74
21.61
15.97
72.71
16.85
15.71
15.54
68.49
15.14
17.56
18.34
15.39
15.83
20.22
19.36
22.51
17.57
21.02
24.2
16.42
18.8
18.32
24.58
23.97
26.3
19.26
22.29
17.45
17.95
22.34
19.72
18.02
21.43
22.17
19.27
20.42
18.74
17.18
19.65
18.29
19.27
15.64
18.17
25.25
28.15
16.38
21.25
17.23
20.28
24.08
17.59
20.13
18.46
20.87
19.04
22.31
17.87
25.27
17.74
20.37
16.36
18.08
17.61
23.59
19.05
18.08
17.84
20.81
18.13
16.92
19.86
22.75
21.78
19.01
19.76
17.91
17.91
20.44
17.06
15.45
17.57
23.15
20.57
19.13
21.42
23.05
21.64
24.99
20.96
21.4
16.16
19.24
21.84
18.84
19.33
20.13
20.11
25.9
20.72
20.62
21.7
19.64
21.62
20.33
23.16
23.41
22.01
22.64
21.09
19.63
18.36
18.24
21.75
20.52
19.12
20.34
15.31
16.67
14.67
20.22
21.16
15.9
20.11
15.01
14.63
14.78
16.91
16.05
15.96
17.98
15.95
15.91
14.08
13.76
16.85
17.51
19.49
17.85
21.61
18.82
17.2
18.82
14.8
18.13
19.29
15.55
18.3
16.88
17.73
17.82
15.77
15.42
14.89
17.09
18.87
17.23
15.75
21.65
19.27
17.95
14.65
14.91
14.68
18.47
14.48
18.26
17.77
16.18
17.23
18.37
16.91
14.67
17.98
16.45
14.3
14.25
16.91
14.45
16.58
14.86
17.07
14.99
15.3
16.29
15.15
17.56
16.78
15.55
17.48
15.93
16.99
15.28
16.45
15.38
16.1
16.74
16.47
15.85
14.83
14.86
17.16
17.56
13.92
15.11
16.32
16.83
15.53
15.0
18.14
14.6
14.85
17.8
20.68
18.73
14.82
15.53
14.99
14.82
15.21
14.68
16.43
14.34
13.74
16.05
15.81
15.42
15.97
16.62
16.11
14.11
15.97
14.78
15.98
14.35
18.57
15.8
15.74
15.37
14.61
15.45
17.69
16.74
14.32
16.51
21.14
16.04
16.59
15.13
18.44
16.65
15.83
15.35
16.74
17.99
17.96
15.62
16.17
19.65
15.89
17.37
18.65
22.5
18.71
14.07
16.96
15.82
18.08
14.55
15.65
14.63
14.57
13.75
15.22
21.12
14.86
15.65
21.75
17.71
21.22
14.83
14.77
13.69
15.46
19.66
14.64
13.92
20.64
15.72
18.08
16.11
15.64
18.61
16.29
16.3
17.51
16.38
15.59
14.14
18.12
15.62
16.68
16.83
15.44
16.8
17.21
16.4
20.41
14.61
16.38
17.8
15.39
14.68
14.47
15.95
22.56
21.41
15.79
16.41
17.66
18.33
16.62
17.61
15.57
17.98
16.04
16.43
16.69
17.69
18.69
18.01
15.22
14.41
21.12
19.94
18.54
17.95
14.91
18.95
15.73
15.49
20.26
19.58
13.93
19.16
20.59
14.98
15.54
16.17
14.36
16.9
16.38
13.99
13.29
18.99
16.13
14.3
15.51
19.32
14.83
15.6
16.66
17.28
15.46
18.31
15.3
17.94
21.04
15.01
18.47
20.33
20.53
15.12
14.45
19.09
16.23
19.2
19.23
18.25
18.42
15.69
22.94
15.39
14.16
14.35
17.67
19.04
21.89
15.46
13.98
14.35
17.05
16.69
18.16
17.95
14.26
21.1
16.59
21.15
18.53
18.31
15.78
15.54
19.47
15.03
20.55
14.84
14.7
17.67
22.5
19.55
18.8
16.64
15.43
18.14
15.83
15.92
16.99
16.64
20.08
17.44
18.38
15.96
19.06
16.27
18.92
16.53
16.51
16.0
14.18
14.51
15.95
19.1
16.57
14.03
17.32
18.16
20.66
15.49
17.29
19.85
17.74
17.11
13.5
15.42
19.79
13.7
14.61
15.19
15.07
21.99
17.15
15.78
16.32
15.67
18.26
13.4
16.33
13.61
17.28
14.64
18.47
15.35
17.08
17.53
18.7
16.22
16.04
14.32
14.87
15.38
19.27
16.47
14.91
13.74
17.6
16.93
15.45
20.49
17.43
14.76
15.79
19.51
15.24
15.83
14.54
18.35
16.62
14.7
21.75
14.58
15.12
16.95
18.35
16.61
17.16
