38.15
44.13
21.57
21.36
26.14
17.64
52.68
44.25
52.09
16.92
21.11
15.96
16.56
16.13
16.09
20.15
15.63
15.89
17.13
18.19
18.7
17.33
19.8
16.99
17.42
19.12
18.0
20.11
16.12
18.48
18.41
17.74
19.07
19.32
19.43
21.48
18.54
21.41
20.69
17.4
20.08
22.8
20.88
19.99
19.22
16.37
17.15
20.61
22.02
15.78
17.04
18.04
29.51
17.86
15.94
21.11
20.04
20.64
21.02
20.13
20.44
21.04
22.74
22.53
29.34
17.64
19.59
15.42
17.54
24.13
22.19
21.07
17.33
17.52
17.93
17.23
21.69
17.7
20.52
18.15
20.6
17.92
16.22
15.59
16.67
21.77
18.09
17.96
19.12
19.46
16.69
16.65
16.56
20.81
17.92
21.78
20.82
20.27
22.18
20.19
27.97
26.14
17.97
17.53
16.71
23.81
17.97
17.94
23.46
16.92
19.03
15.22
17.34
16.53
19.55
17.11
15.18
17.25
16.67
17.55
25.16
15.69
14.21
17.2
17.8
21.07
15.42
18.89
16.08
13.98
15.0
16.45
18.93
18.08
15.82
16.78
16.91
19.29
16.69
14.91
16.89
14.44
16.85
19.48
15.6
15.35
15.73
19.03
19.76
17.46
14.74
14.91
16.65
14.94
15.9
14.11
16.12
16.71
17.51
15.75
16.59
14.35
13.36
15.61
14.34
20.69
18.46
23.79
13.87
14.67
20.65
15.82
15.94
21.04
15.54
17.3
15.98
16.17
20.27
18.42
14.78
15.27
18.32
16.74
14.92
17.13
16.98
18.71
14.33
17.56
15.67
20.1
17.33
20.38
17.36
16.4
21.14
17.17
15.17
17.91
20.85
15.6
15.9
18.55
22.49
17.44
15.71
15.29
14.54
16.47
16.1
15.46
16.64
16.64
16.46
15.61
15.24
17.08
17.1
16.51
16.82
16.52
14.84
15.32
17.86
14.8
19.17
16.85
15.29
14.85
16.65
17.3
15.26
14.91
15.8
16.59
18.73
15.72
14.94
17.67
16.03
14.96
14.06
16.17
17.55
17.25
17.04
15.31
19.95
15.19
15.23
16.25
17.36
15.76
15.14
14.08
15.65
18.59
16.79
15.4
15.25
16.66
18.44
15.33
18.39
14.84
18.51
14.66
16.27
19.82
15.11
17.89
14.32
14.24
18.81
17.35
16.66
14.29
18.66
18.55
19.72
21.54
14.26
14.8
17.72
16.43
16.27
15.96
14.74
16.57
17.85
19.66
16.86
14.86
18.41
16.57
18.68
15.77
20.79
18.56
18.8
17.24
17.9
15.46
16.23
14.43
15.77
16.85
19.79
16.64
16.32
14.81
15.4
17.55
16.69
15.13
17.83
16.1
22.74
15.06
14.08
16.04
15.16
18.7
18.2
18.1
17.85
16.16
17.53
17.45
17.92
13.87
16.24
17.63
17.02
14.52
15.45
17.92
20.63
16.67
18.78
15.42
23.59
18.6
16.12
15.62
14.78
15.58
19.32
16.77
15.43
16.0
18.34
16.71
14.18
15.57
17.24
20.07
15.04
15.31
14.45
14.28
17.08
14.91
18.2
14.36
15.96
17.47
18.29
17.39
18.56
17.23
20.86
23.78
17.51
13.93
15.33
17.27
16.87
17.42
16.38
14.82
14.38
15.4
16.89
21.56
22.63
17.0
15.5
15.72
14.58
16.18
14.74
15.36
16.83
16.55
14.96
14.68
19.09
14.77
14.02
16.9
22.54
15.28
16.55
15.15
19.52
15.24
13.98
15.12
14.81
16.33
14.87
15.4
14.51
18.72
18.12
15.45
15.37
20.04
18.2
17.44
19.82
24.74
15.64
17.85
15.3
21.28
20.67
15.33
17.43
18.0
15.96
16.88
20.81
17.45
14.62
16.89
17.26
16.5
15.09
15.61
15.15
15.28
15.27
14.7
14.18
15.97
15.96
16.81
20.7
17.69
16.24
14.23
14.55
16.06
14.34
15.11
14.83
16.58
17.4
15.79
16.15
15.15
15.69
15.2
18.18
14.17
16.74
15.51
14.47
14.05
14.95
18.69
16.54
16.05
15.96
16.13
21.0
24.18
16.77
14.44
16.59
17.26
19.53
15.45
15.66
15.49
18.58
23.92
20.43
16.42
16.78
18.35
16.46
15.42
17.75
17.36
20.35
16.78
