28.58
33.63
13.33
31.19
37.02
40.14
18.32
16.61
17.13
14.78
13.82
14.49
14.62
13.37
15.67
13.38
14.94
13.91
13.27
13.62
17.19
13.89
16.05
13.65
14.45
19.15
14.36
15.38
13.61
14.69
14.41
14.5
13.66
14.88
14.03
14.49
13.49
15.76
14.15
13.57
14.53
14.37
16.17
18.74
14.0
16.93
14.76
17.32
13.25
15.08
13.3
15.46
18.01
16.22
18.1
20.07
20.81
16.43
16.41
18.29
18.04
21.03
16.38
19.85
20.76
16.98
19.51
19.01
16.69
15.69
17.31
17.89
17.35
18.2
15.3
15.59
14.68
15.15
15.76
14.7
14.7
14.96
16.01
18.6
18.13
15.22
14.61
15.34
24.26
17.04
19.25
19.94
26.56
18.93
18.75
17.24
19.43
18.58
22.13
20.18
29.86
19.25
21.58
32.23
23.18
15.66
21.9
27.22
19.96
23.3
19.21
34.31
31.62
24.31
15.98
17.08
16.95
22.82
19.06
27.31
16.99
17.3
18.45
22.17
16.21
15.23
15.47
15.15
16.72
19.18
17.5
22.8
15.35
18.84
17.22
18.02
16.81
15.98
19.26
18.35
18.06
16.51
15.45
19.98
16.33
18.5
19.25
18.66
16.45
17.02
18.86
23.31
19.11
18.68
17.57
21.55
15.11
17.49
18.3
15.01
14.86
14.87
20.9
16.27
17.75
17.99
14.43
18.45
14.78
14.67
14.73
13.58
16.41
17.19
19.34
17.63
16.48
19.64
16.98
17.01
20.59
17.66
16.22
18.13
17.6
16.76
18.94
17.11
17.64
19.82
18.11
21.98
15.23
18.97
16.04
18.19
17.29
15.36
16.96
17.4
14.96
16.18
17.92
15.66
16.32
14.92
14.01
14.41
15.24
15.26
16.87
21.04
14.65
15.95
16.12
14.82
14.21
16.69
18.85
16.96
15.17
16.07
15.05
14.6
14.48
17.51
14.93
15.93
19.55
14.88
13.64
14.56
17.25
14.67
15.54
14.25
15.17
16.78
22.76
15.55
14.66
15.67
17.12
15.74
14.34
15.35
15.39
15.58
14.43
14.88
14.78
16.7
15.97
15.95
16.08
16.56
17.2
17.73
16.34
20.76
18.68
15.9
15.14
15.29
16.37
14.75
14.62
20.18
16.05
18.61
19.65
15.11
17.38
17.77
15.34
15.46
14.51
18.57
14.57
14.4
15.4
16.35
14.36
14.32
19.09
21.06
14.06
16.5
14.01
20.97
15.52
15.6
18.54
20.49
18.14
15.23
16.01
19.9
14.94
16.09
17.14
14.54
18.67
15.74
15.42
19.2
19.99
17.31
20.99
18.13
16.36
17.32
19.73
16.29
17.64
15.78
16.58
18.59
15.31
17.83
20.26
13.89
15.12
18.9
18.31
18.58
19.67
19.56
18.07
14.72
17.76
20.1
15.22
20.8
16.12
17.28
19.16
15.15
20.37
17.55
19.39
15.64
14.98
14.21
17.84
17.47
17.37
14.22
14.08
18.28
16.89
19.16
14.03
15.45
15.82
14.48
18.6
15.26
15.44
15.68
18.18
19.04
14.6
17.59
17.78
16.66
13.9
19.68
16.97
15.56
17.35
17.97
16.56
15.18
15.77
17.38
14.58
17.79
17.36
16.41
13.09
16.89
16.57
18.56
20.16
18.73
14.03
17.21
22.38
19.74
15.81
15.34
13.92
18.99
19.35
16.7
14.78
16.73
14.34
23.66
24.23
14.8
14.07
20.23
14.41
14.0
16.62
22.94
16.79
21.71
18.97
21.41
14.53
16.82
15.95
16.58
16.08
14.17
17.43
18.14
17.5
17.66
17.92
15.5
19.63
16.9
15.22
18.46
16.84
17.85
20.33
19.66
17.39
16.36
14.34
16.96
16.58
16.42
15.84
21.47
17.47
17.07
14.69
16.56
15.38
16.91
15.95
16.38
15.36
15.65
20.52
14.89
16.46
21.5
15.46
14.62
15.0
17.07
17.21
15.06
15.07
17.08
16.83
16.12
19.41
18.62
16.9
15.13
17.15
14.9
15.76
16.45
14.82
16.52
18.79
14.94
14.99
18.99
20.46
19.68
17.7
15.74
18.46
15.63
20.88
17.32
19.2
19.56
18.32
16.59
18.7
16.43
15.69
14.53
17.15
20.6
19.19
16.41
20.52
17.26
